0|300001|9|  |0.000
0|300002|9|  |0.000
0|300003|9|  |0.000
0|300004|9|  |0.000
0|300005|9|  |0.000
0|300006|9|  |0.000
0|300007|9|  |0.000
0|300008|9|  |0.000
0|300009|9|  |0.000
0|300010|9|  |0.000
0|300011|9|  |0.000
0|300012|9|  |0.000
0|300013|9|  |0.000
0|300014|9|  |0.000
0|300015|9|  |0.000
0|300016|9|  |0.000
0|300017|9|  |0.000
0|300018|9|  |0.000
0|300019|9|  |0.000
0|300020|9|  |0.000
0|300021|9|  |0.000
0|300022|9|  |0.000
0|300023|9|  |0.000
0|300024|9|  |0.000
0|300025|9|  |0.000
0|300026|9|  |0.000
0|300027|9|  |0.000
0|300028|9|  |0.000
0|300029|9|  |0.000
0|300030|9|  |0.000
0|300031|9|  |0.000
0|300032|9|  |0.000
0|300033|9|  |0.000
0|300034|9|  |0.000
0|300035|9|  |0.000
0|300036|9|  |0.000
0|300037|9|  |0.000
0|300038|9|  |0.000
0|300039|9|  |0.000
0|300040|9|  |0.000
0|300041|9|  |0.000
0|300042|9|  |0.000
0|300043|9|  |0.000
0|300044|9|  |0.000
0|300045|9|  |0.000
0|300046|9|  |0.000
0|300047|9|  |0.000
0|300048|9|  |0.000
0|300049|9|  |0.000
0|300050|9|  |0.000
0|300051|9|  |0.000
0|300052|9|  |0.000
0|300053|9|  |0.000
0|300054|9|  |0.000
0|300055|9|  |0.000
0|300056|9|  |0.000
0|300057|9|  |0.000
0|300058|9|  |0.000
0|300059|9|  |0.000
0|300061|9|  |0.000
0|300062|9|  |0.000
0|300063|9|  |0.000
0|300064|9|  |0.000
0|300065|9|  |0.000
0|300066|9|  |0.000
0|300067|9|  |0.000
0|300068|9|  |0.000
0|300069|9|  |0.000
0|300070|9|  |0.000
0|300071|9|  |0.000
0|300072|9|  |0.000
0|300073|9|  |0.000
0|300074|9|  |0.000
0|300075|9|  |0.000
0|300076|9|  |0.000
0|300077|9|  |0.000
0|300078|9|  |0.000
0|300079|9|广电设备及系统: 路通视信  佳创视讯  万隆光电  亿通科技  |0.000
0|300080|9|  |0.000
0|300081|9|  |0.000
0|300082|9|  |0.000
0|300083|9|  |0.000
0|300084|9|  |0.000
0|300085|9|  |0.000
0|300086|9|  |0.000
0|300087|9|  |0.000
0|300088|9|  |0.000
0|300089|9|  |0.000
0|300090|9|  |0.000
0|300091|9|  |0.000
0|300092|9|  |0.000
0|300093|9|  |0.000
0|300094|9|  |0.000
0|300095|9|  |0.000
0|300096|9|  |0.000
0|300097|9|  |0.000
0|300098|9|  |0.000
0|300099|9|  |0.000
0|300100|9|  |0.000
0|300101|9|  |0.000
0|300102|9|  |0.000
0|300103|9|  |0.000
0|300104|9|  |0.000
0|300105|9|  |0.000
0|300106|9|  |0.000
0|300107|9|  |0.000
0|300108|9|  |0.000
0|300109|9|  |0.000
0|300110|9|  |0.000
0|300111|9|  |0.000
0|300112|9|  |0.000
0|300113|9|  |0.000
0|300114|9|  |0.000
0|300115|9|  |0.000
0|300116|9|  |0.000
0|300117|9|  |0.000
0|300118|9|  |0.000
0|300119|9|  |0.000
0|300120|9|  |0.000
0|300121|9|  |0.000
0|300122|9|  |0.000
0|300123|9|  |0.000
0|300124|9|  |0.000
0|300125|9|  |0.000
0|300126|9|  |0.000
0|300127|9|  |0.000
0|300128|9|  |0.000
0|300129|9|  |0.000
0|300130|9|  |0.000
0|300131|9|  |0.000
0|300132|9|  |0.000
0|300133|9|  |0.000
0|300134|9|  |0.000
0|300135|9|  |0.000
0|300136|9|  |0.000
0|300137|9|  |0.000
0|300138|9|  |0.000
0|300139|9|  |0.000
0|300140|9|  |0.000
0|300141|9|  |0.000
0|300142|9|  |0.000
0|300143|9|  |0.000
0|300144|9|  |0.000
0|300145|9|  |0.000
0|300146|9|  |0.000
0|300147|9|  |0.000
0|300148|9|  |0.000
0|300149|9|  |0.000
0|300150|9|  |0.000
0|300151|9|  |0.000
0|300152|9|  |0.000
0|300153|9|  |0.000
0|300154|9|  |0.000
0|300155|9|  |0.000
0|300156|9|  |0.000
0|300157|9|  |0.000
0|300158|9|  |0.000
0|300159|9|  |0.000
0|300160|9|  |0.000
0|300161|9|  |0.000
0|300162|9|  |0.000
0|300163|9|  |0.000
0|300164|9|  |0.000
0|300165|9|  |0.000
0|300166|9|  |0.000
0|300167|9|  |0.000
0|300168|9|  |0.000
0|300169|9|  |0.000
0|300170|9|  |0.000
0|300171|9|  |0.000
0|300172|9|  |0.000
0|300173|9|  |0.000
0|300174|9|  |0.000
0|300175|9|  |0.000
0|300176|9|  |0.000
0|300177|9|  |0.000
0|300178|9|  |0.000
0|300179|9|  |0.000
0|300180|9|  |0.000
0|300181|9|  |0.000
0|300182|9|  |0.000
0|300183|9|  |0.000
0|300184|9|  |0.000
0|300185|9|  |0.000
0|300187|9|  |0.000
0|300188|9|  |0.000
0|300189|9|  |0.000
0|300190|9|  |0.000
0|300191|9|  |0.000
0|300192|9|  |0.000
0|300193|9|焊接设备: 奥特维  联赢激光  快克股份  上海沪工  劲拓股份  瑞凌股份  |0.000
0|300194|9|  |0.000
0|300195|9|  |0.000
0|300196|9|  |0.000
0|300197|9|  |0.000
0|300198|9|  |0.000
0|300199|9|  |0.000
0|300200|9|  |0.000
0|300201|9|  |0.000
0|300202|9|  |0.000
0|300203|9|  |0.000
0|300204|9|  |0.000
0|300205|9|  |0.000
0|300206|9|  |0.000
0|300207|9|  |0.000
0|300208|9|  |0.000
0|300209|9|  |0.000
0|300210|9|  |0.000
0|300211|9|  |0.000
0|300212|9|  |0.000
0|300213|9|  |0.000
0|300214|9|  |0.000
0|300215|9|  |0.000
0|300216|9|  |0.000
0|300217|9|  |0.000
0|300218|9|  |0.000
0|300219|9|  |0.000
0|300220|9|  |0.000
0|300221|9|  |0.000
0|300222|9|  |0.000
0|300223|9|  |0.000
0|300224|9|  |0.000
0|300225|9|  |0.000
0|300226|9|  |0.000
0|300227|9|  |0.000
0|300228|9|  |0.000
0|300229|9|  |0.000
0|300230|9|  |0.000
0|300231|9|  |0.000
0|300232|9|  |0.000
0|300233|9|  |0.000
0|300234|9|  |0.000
0|300235|9|  |0.000
0|300236|9|  |0.000
0|300237|9|  |0.000
0|300238|9|  |0.000
0|300239|9|  |0.000
0|300240|9|  |0.000
0|300241|9|  |0.000
0|300242|9|  |0.000
0|300243|9|  |0.000
0|300244|9|  |0.000
0|300245|9|  |0.000
0|300246|9|  |0.000
0|300247|9|  |0.000
0|300248|9|  |0.000
0|300249|9|  |0.000
0|300250|9|  |0.000
0|300251|9|  |0.000
0|300252|9|  |0.000
0|300253|9|  |0.000
0|300254|9|  |0.000
0|300255|9|  |0.000
0|300256|9|  |0.000
0|300257|9|  |0.000
0|300258|9|  |0.000
0|300259|9|  |0.000
0|300260|9|  |0.000
0|300261|9|  |0.000
0|300262|9|  |0.000
0|300263|9|  |0.000
0|300264|9|  |0.000
0|300265|9|  |0.000
0|300266|9|  |0.000
0|300267|9|  |0.000
0|300268|9|  |0.000
0|300269|9|  |0.000
0|300270|9|  |0.000
0|300271|9|  |0.000
0|300272|9|  |0.000
0|300273|9|  |0.000
0|300274|9|  |0.000
0|300275|9|  |0.000
0|300276|9|  |0.000
0|300277|9|  |0.000
0|300278|9|  |0.000
0|300279|9|  |0.000
0|300280|9|  |0.000
0|300281|9|  |0.000
0|300282|9|  |0.000
0|300283|9|  |0.000
0|300284|9|  |0.000
0|300285|9|  |0.000
0|300286|9|  |0.000
0|300287|9|  |0.000
0|300288|9|  |0.000
0|300289|9|  |0.000
0|300290|9|  |0.000
0|300291|9|  |0.000
0|300292|9|  |0.000
0|300293|9|  |0.000
0|300294|9|  |0.000
0|300295|9|  |0.000
0|300296|9|  |0.000
0|300297|9|  |0.000
0|300298|9|  |0.000
0|300299|9|  |0.000
0|300300|9|  |0.000
0|300301|9|  |0.000
0|300302|9|  |0.000
0|300303|9|  |0.000
0|300304|9|  |0.000
0|300305|9|  |0.000
0|300306|9|  |0.000
0|300307|9|  |0.000
0|300308|9|  |0.000
0|300309|9|  |0.000
0|300310|9|  |0.000
0|300311|9|  |0.000
0|300312|9|  |0.000
0|300313|9|  |0.000
0|300314|9|  |0.000
0|300315|9|  |0.000
0|300316|9|  |0.000
0|300317|9|光伏工程: 东旭蓝天  阳光电源  芯能科技  *ST科林  |0.000
0|300318|9|  |0.000
0|300319|9|  |0.000
0|300320|9|  |0.000
0|300321|9|  |0.000
0|300322|9|  |0.000
0|300323|9|  |0.000
0|300324|9|  |0.000
0|300325|9|  |0.000
0|300326|9|  |0.000
0|300327|9|  |0.000
0|300328|9|  |0.000
0|300329|9|  |0.000
0|300330|9|  |0.000
0|300331|9|  |0.000
0|300332|9|  |0.000
0|300333|9|  |0.000
0|300334|9|  |0.000
0|300335|9|  |0.000
0|300336|9|  |0.000
0|300337|9|  |0.000
0|300338|9|  |0.000
0|300339|9|  |0.000
0|300340|9|  |0.000
0|300341|9|  |0.000
0|300342|9|  |0.000
0|300343|9|  |0.000
0|300344|9|  |0.000
0|300345|9|  |0.000
0|300346|9|  |0.000
0|300347|9|  |0.000
0|300348|9|  |0.000
0|300349|9|  |0.000
0|300350|9|  |0.000
0|300351|9|  |0.000
0|300352|9|  |0.000
0|300353|9|  |0.000
0|300354|9|科学仪器及耗材: 泰林生物  洁特生物  华盛昌  莱伯泰科  奕瑞科技  中航电测  安车检测  远方信息  天瑞仪器  南华仪器  苏试试验  康斯特  三德科技  阿拉丁  泰坦科技  优利德  易瑞生物  |0.000
0|300355|9|  |0.000
0|300356|9|  |0.000
0|300357|9|  |0.000
0|300358|9|  |0.000
0|300359|9|  |0.000
0|300360|9|  |0.000
0|300362|9|  |0.000
0|300363|9|  |0.000
0|300364|9|  |0.000
0|300365|9|  |0.000
0|300366|9|  |0.000
0|300367|9|  |0.000
0|300368|9|  |0.000
0|300369|9|  |0.000
0|300370|9|  |0.000
0|300371|9|  |0.000
0|300373|9|  |0.000
0|300374|9|  |0.000
0|300375|9|  |0.000
0|300376|9|  |0.000
0|300377|9|  |0.000
0|300378|9|  |0.000
0|300379|9|  |0.000
0|300380|9|  |0.000
0|300381|9|  |0.000
0|300382|9|  |0.000
0|300383|9|  |0.000
0|300384|9|  |0.000
0|300385|9|  |0.000
0|300386|9|  |0.000
0|300387|9|  |0.000
0|300388|9|  |0.000
0|300389|9|  |0.000
0|300390|9|  |0.000
0|300391|9|  |0.000
0|300392|9|  |0.000
0|300393|9|  |0.000
0|300394|9|  |0.000
0|300395|9|  |0.000
0|300396|9|  |0.000
0|300397|9|  |0.000
0|300398|9|  |0.000
0|300399|9|  |0.000
0|300400|9|  |0.000
0|300401|9|  |0.000
0|300402|9|  |0.000
0|300403|9|  |0.000
0|300404|9|  |0.000
0|300405|9|  |0.000
0|300406|9|  |0.000
0|300407|9|  |0.000
0|300408|9|  |0.000
0|300409|9|  |0.000
0|300410|9|  |0.000
0|300411|9|  |0.000
0|300412|9|  |0.000
0|300413|9|  |0.000
0|300414|9|  |0.000
0|300415|9|  |0.000
0|300416|9|  |0.000
0|300417|9|  |0.000
0|300418|9|  |0.000
0|300419|9|  |0.000
0|300420|9|  |0.000
0|300421|9|  |0.000
0|300422|9|  |0.000
0|300423|9|  |0.000
0|300424|9|  |0.000
0|300425|9|  |0.000
0|300426|9|  |0.000
0|300427|9|  |0.000
0|300428|9|  |0.000
0|300429|9|  |0.000
0|300430|9|  |0.000
0|300431|9|  |0.000
0|300432|9|  |0.000
0|300433|9|  |0.000
0|300434|9|  |0.000
0|300435|9|  |0.000
0|300436|9|  |0.000
0|300437|9|  |0.000
0|300438|9|  |0.000
0|300439|9|  |0.000
0|300440|9|  |0.000
0|300441|9|  |0.000
0|300442|9|  |0.000
0|300443|9|  |0.000
0|300444|9|  |0.000
0|300445|9|  |0.000
0|300446|9|  |0.000
0|300447|9|  |0.000
0|300448|9|  |0.000
0|300449|9|  |0.000
0|300450|9|  |0.000
0|300451|9|  |0.000
0|300452|9|  |0.000
0|300453|9|  |0.000
0|300454|9|  |0.000
0|300455|9|  |0.000
0|300456|9|  |0.000
0|300457|9|  |0.000
0|300458|9|  |0.000
0|300459|9|  |0.000
0|300460|9|  |0.000
0|300461|9|  |0.000
0|300462|9|  |0.000
0|300463|9|  |0.000
0|300464|9|  |0.000
0|300465|9|  |0.000
0|300466|9|  |0.000
0|300467|9|  |0.000
0|300468|9|  |0.000
0|300469|9|  |0.000
0|300470|9|  |0.000
0|300471|9|  |0.000
0|300472|9|  |0.000
0|300473|9|  |0.000
0|300474|9|  |0.000
0|300475|9|  |0.000
0|300476|9|  |0.000
0|300477|9|电力设备: 中电兴发  国电南瑞  大烨智能  双杰电气  华友钴业  北京科锐  特锐德  苏文电能  宏力达  三友联众  金盘科技  新风光  金冠电气  特变电工  中国西电  ST森源  思源电气  许继电气  平高电气  保变电气  金冠股份  惠程科技  柘中股份  国网英大  昇辉科技  百利电气  华明装备  中能电气  扬电科技  |0.000
0|300478|9|  |0.000
0|300479|9|  |0.000
0|300480|9|生产监控: 理工环科  精准信息  梅安森  |0.000
0|300481|9|  |0.000
0|300482|9|  |0.000
0|300483|9|  |0.000
0|300484|9|  |0.000
0|300485|9|  |0.000
0|300486|9|  |0.000
0|300487|9|  |0.000
0|300488|9|  |0.000
0|300489|9|  |0.000
0|300490|9|  |0.000
0|300491|9|  |0.000
0|300492|9|  |0.000
0|300493|9|  |0.000
0|300494|9|  |0.000
0|300495|9|  |0.000
0|300496|9|  |0.000
0|300497|9|  |0.000
0|300498|9|  |0.000
0|300499|9|  |0.000
0|300500|9|  |0.000
0|300501|9|  |0.000
0|300502|9|  |0.000
0|300503|9|  |0.000
0|300504|9|  |0.000
0|300505|9|磷化工: 川恒股份  川发龙蟒  兴发集团  *ST澄星  |0.000
0|300506|9|  |0.000
0|300507|9|  |0.000
0|300508|9|  |0.000
0|300509|9|  |0.000
0|300510|9|  |0.000
0|300511|9|  |0.000
0|300512|9|  |0.000
0|300513|9|  |0.000
0|300514|9|  |0.000
0|300515|9|  |0.000
0|300516|9|  |0.000
0|300517|9|  |0.000
0|300518|9|  |0.000
0|300519|9|  |0.000
0|300520|9|  |0.000
0|300521|9|  |0.000
0|300522|9|  |0.000
0|300523|9|  |0.000
0|300525|9|  |0.000
0|300526|9|  |0.000
0|300527|9|  |0.000
0|300528|9|  |0.000
0|300529|9|  |0.000
0|300530|9|  |0.000
0|300531|9|  |0.000
0|300532|9|  |0.000
0|300533|9|  |0.000
0|300534|9|  |0.000
0|300535|9|  |0.000
0|300536|9|  |0.000
0|300537|9|  |0.000
0|300538|9|  |0.000
0|300539|9|  |0.000
0|300540|9|  |0.000
0|300541|9|  |0.000
0|300542|9|  |0.000
0|300543|9|  |0.000
0|300545|9|  |0.000
0|300546|9|  |0.000
0|300547|9|  |0.000
0|300548|9|  |0.000
0|300549|9|  |0.000
0|300550|9|  |0.000
0|300551|9|  |0.000
0|300552|9|  |0.000
0|300553|9|  |0.000
0|300554|9|  |0.000
0|300555|9|  |0.000
0|300556|9|  |0.000
0|300557|9|  |0.000
0|300558|9|  |0.000
0|300559|9|  |0.000
0|300560|9|  |0.000
0|300561|9|  |0.000
0|300562|9|  |0.000
0|300563|9|  |0.000
0|300564|9|  |0.000
0|300565|9|  |0.000
0|300566|9|  |0.000
0|300567|9|  |0.000
0|300568|9|隔膜: 中材科技  恩捷股份  沧州明珠  |0.000
0|300569|9|  |0.000
0|300570|9|  |0.000
0|300571|9|  |0.000
0|300572|9|  |0.000
0|300573|9|  |0.000
0|300575|9|  |0.000
0|300576|9|  |0.000
0|300577|9|  |0.000
0|300578|9|  |0.000
0|300579|9|  |0.000
0|300580|9|  |0.000
0|300581|9|  |0.000
0|300582|9|  |0.000
0|300583|9|  |0.000
0|300584|9|  |0.000
0|300585|9|  |0.000
0|300586|9|  |0.000
0|300587|9|  |0.000
0|300588|9|  |0.000
0|300589|9|  |0.000
0|300590|9|  |0.000
0|300591|9|  |0.000
0|300592|9|  |0.000
0|300593|9|  |0.000
0|300594|9|  |0.000
0|300595|9|  |0.000
0|300596|9|  |0.000
0|300597|9|  |0.000
0|300598|9|  |0.000
0|300599|9|  |0.000
0|300600|9|  |0.000
0|300601|9|  |0.000
0|300602|9|  |0.000
0|300603|9|  |0.000
0|300604|9|  |0.000
0|300605|9|  |0.000
0|300606|9|  |0.000
0|300607|9|  |0.000
0|300608|9|  |0.000
0|300609|9|  |0.000
0|300610|9|  |0.000
0|300611|9|  |0.000
0|300612|9|  |0.000
0|300613|9|  |0.000
0|300614|9|  |0.000
0|300615|9|  |0.000
0|300616|9|  |0.000
0|300617|9|  |0.000
0|300618|9|  |0.000
0|300619|9|  |0.000
0|300620|9|  |0.000
0|300621|9|  |0.000
0|300622|9|  |0.000
0|300623|9|  |0.000
0|300624|9|  |0.000
0|300625|9|  |0.000
0|300626|9|  |0.000
0|300627|9|  |0.000
0|300628|9|  |0.000
0|300629|9|  |0.000
0|300630|9|  |0.000
0|300631|9|  |0.000
0|300632|9|  |0.000
0|300633|9|  |0.000
0|300634|9|  |0.000
0|300635|9|  |0.000
0|300636|9|  |0.000
0|300637|9|  |0.000
0|300638|9|  |0.000
0|300639|9|  |0.000
0|300640|9|  |0.000
0|300641|9|  |0.000
0|300642|9|  |0.000
0|300643|9|  |0.000
0|300644|9|  |0.000
0|300645|9|  |0.000
0|300646|9|  |0.000
0|300647|9|  |0.000
0|300648|9|  |0.000
0|300649|9|  |0.000
0|300650|9|  |0.000
0|300651|9|  |0.000
0|300652|9|  |0.000
0|300653|9|  |0.000
0|300654|9|  |0.000
0|300655|9|  |0.000
0|300656|9|  |0.000
0|300657|9|  |0.000
0|300658|9|  |0.000
0|300659|9|  |0.000
0|300660|9|  |0.000
0|300661|9|  |0.000
0|300662|9|  |0.000
0|300663|9|  |0.000
0|300664|9|  |0.000
0|300665|9|  |0.000
0|300666|9|  |0.000
0|300667|9|  |0.000
0|300668|9|  |0.000
0|300669|9|  |0.000
0|300670|9|  |0.000
0|300671|9|  |0.000
0|300672|9|  |0.000
0|300673|9|  |0.000
0|300674|9|  |0.000
0|300675|9|  |0.000
0|300676|9|  |0.000
0|300677|9|  |0.000
0|300678|9|  |0.000
0|300679|9|  |0.000
0|300680|9|  |0.000
0|300681|9|  |0.000
0|300682|9|  |0.000
0|300683|9|  |0.000
0|300684|9|  |0.000
0|300685|9|  |0.000
0|300686|9|  |0.000
0|300687|9|  |0.000
0|300688|9|  |0.000
0|300689|9|  |0.000
0|300690|9|  |0.000
0|300691|9|  |0.000
0|300692|9|  |0.000
0|300693|9|  |0.000
0|300694|9|  |0.000
0|300695|9|  |0.000
0|300696|9|  |0.000
0|300697|9|  |0.000
0|300698|9|  |0.000
0|300699|9|  |0.000
0|300700|9|  |0.000
0|300701|9|  |0.000
0|300702|9|  |0.000
0|300703|9|  |0.000
0|300705|9|  |0.000
0|300706|9|  |0.000
0|300707|9|  |0.000
0|300708|9|  |0.000
0|300709|9|  |0.000
0|300710|9|  |0.000
0|300711|9|  |0.000
0|300712|9|  |0.000
0|300713|9|  |0.000
0|300715|9|  |0.000
0|300716|9|  |0.000
0|300717|9|  |0.000
0|300718|9|  |0.000
0|300719|9|  |0.000
0|300720|9|  |0.000
0|300721|9|  |0.000
0|300722|9|  |0.000
0|300723|9|  |0.000
0|300724|9|  |0.000
0|300725|9|  |0.000
0|300726|9|  |0.000
0|300727|9|  |0.000
0|300728|9|  |0.000
0|300729|9|  |0.000
0|300730|9|  |0.000
0|300731|9|  |0.000
0|300732|9|  |0.000
0|300733|9|  |0.000
0|300735|9|  |0.000
0|300736|9|  |0.000
0|300737|9|  |0.000
0|300738|9|  |0.000
0|300739|9|  |0.000
0|300740|9|  |0.000
0|300741|9|  |0.000
0|300742|9|  |0.000
0|300743|9|  |0.000
0|300745|9|  |0.000
0|300746|9|  |0.000
0|300747|9|  |0.000
0|300748|9|  |0.000
0|300749|9|  |0.000
0|300750|9|  |0.000
0|300751|9|  |0.000
0|300752|9|  |0.000
0|300753|9|  |0.000
0|300755|9|  |0.000
0|300756|9|  |0.000
0|300757|9|  |0.000
0|300758|9|  |0.000
0|300759|9|  |0.000
0|300760|9|  |0.000
0|300761|9|  |0.000
0|300762|9|  |0.000
0|300763|9|  |0.000
0|300765|9|  |0.000
0|300766|9|  |0.000
0|300767|9|  |0.000
0|300768|9|  |0.000
0|300769|9|  |0.000
0|300770|9|  |0.000
0|300771|9|  |0.000
0|300772|9|  |0.000
0|300773|9|  |0.000
0|300775|9|  |0.000
0|300776|9|  |0.000
0|300777|9|  |0.000
0|300778|9|  |0.000
0|300779|9|废物处理: 东江环保  卓越新能  万德斯  三峰环境  北清环能  复洁环保  圣元环保  路德环境  通源环境  建工修复  启迪环境  绿色动力  伟明环保  上海环境  富春环保  中国天楹  瀚蓝环境  高能环境  旺能环境  金圆股份  维尔利  百川畅银  |0.000
0|300780|9|  |0.000
0|300781|9|  |0.000
0|300782|9|  |0.000
0|300783|9|  |0.000
0|300785|9|  |0.000
0|300786|9|  |0.000
0|300787|9|  |0.000
0|300788|9|  |0.000
0|300789|9|  |0.000
0|300790|9|  |0.000
0|300791|9|  |0.000
0|300792|9|  |0.000
0|300793|9|  |0.000
0|300795|9|  |0.000
0|300796|9|  |0.000
0|300797|9|  |0.000
0|300798|9|  |0.000
0|300799|9|  |0.000
0|300800|9|  |0.000
0|300801|9|  |0.000
0|300802|9|  |0.000
0|300803|9|  |0.000
0|300805|9|  |0.000
0|300806|9|  |0.000
0|300807|9|  |0.000
0|300808|9|  |0.000
0|300809|9|  |0.000
0|300810|9|  |0.000
0|300811|9|  |0.000
0|300812|9|  |0.000
0|300813|9|  |0.000
0|300815|9|  |0.000
0|300816|9|  |0.000
0|300817|9|  |0.000
0|300818|9|  |0.000
0|300819|9|  |0.000
0|300820|9|  |0.000
0|300821|9|  |0.000
0|300822|9|  |0.000
0|300823|9|  |0.000
0|300824|9|  |0.000
0|300825|9|  |0.000
0|300826|9|  |0.000
0|300827|9|  |0.000
0|300828|9|  |0.000
0|300829|9|  |0.000
0|300830|9|  |0.000
0|300831|9|  |0.000
0|300832|9|  |0.000
0|300833|9|  |0.000
0|300835|9|  |0.000
0|300836|9|  |0.000
0|300837|9|  |0.000
0|300838|9|  |0.000
0|300839|9|  |0.000
0|300840|9|  |0.000
0|300841|9|  |0.000
0|300842|9|  |0.000
0|300843|9|  |0.000
0|300845|9|  |0.000
0|300846|9|  |0.000
0|300847|9|  |0.000
0|300848|9|  |0.000
0|300849|9|  |0.000
0|300850|9|  |0.000
0|300851|9|  |0.000
0|300852|9|  |0.000
0|300853|9|  |0.000
0|300855|9|  |0.000
0|300856|9|  |0.000
0|300857|9|  |0.000
0|300858|9|  |0.000
0|300859|9|  |0.000
0|300860|9|  |0.000
0|300861|9|  |0.000
0|300862|9|  |0.000
0|300863|9|  |0.000
0|300864|9|  |0.000
0|300865|9|  |0.000
0|300866|9|  |0.000
0|300867|9|  |0.000
0|300868|9|  |0.000
0|300869|9|  |0.000
0|300870|9|  |0.000
0|300871|9|  |0.000
0|300872|9|  |0.000
0|300873|9|  |0.000
0|300875|9|  |0.000
0|300876|9|  |0.000
0|300877|9|  |0.000
0|300878|9|  |0.000
0|300879|9|  |0.000
0|300880|9|  |0.000
0|300881|9|  |0.000
0|300882|9|  |0.000
0|300883|9|  |0.000
0|300884|9|  |0.000
0|300885|9|  |0.000
0|300886|9|  |0.000
0|300887|9|  |0.000
0|300888|9|  |0.000
0|300889|9|  |0.000
0|300890|9|  |0.000
0|300891|9|  |0.000
0|300892|9|  |0.000
0|300893|9|  |0.000
0|300894|9|  |0.000
0|300895|9|  |0.000
0|300896|9|  |0.000
0|300897|9|  |0.000
0|300898|9|  |0.000
0|300899|9|水处理: 久吾高科  三达膜  万邦达  博天环境  津膜科技  泰和科技  京源环保  金科环境  德林海  金达莱  华骐环保  富淼科技  太和水  深水海纳  碧水源  鹏鹞环保  节能国祯  中环环保  联泰环保  中电环保  博世科  巴安水务  兴源环境  中持股份  清水源  中建环能  上海洗霸  力源科技  |0.000
0|300900|9|  |0.000
0|300901|9|  |0.000
0|300902|9|  |0.000
0|300903|9|  |0.000
0|300905|9|  |0.000
0|300906|9|  |0.000
0|300907|9|  |0.000
0|300908|9|  |0.000
0|300909|9|  |0.000
0|300910|9|  |0.000
0|300911|9|  |0.000
0|300912|9|  |0.000
0|300913|9|  |0.000
0|300915|9|  |0.000
0|300916|9|  |0.000
0|300917|9|  |0.000
0|300918|9|  |0.000
0|300919|9|  |0.000
0|300920|9|  |0.000
0|300921|9|  |0.000
0|300922|9|  |0.000
0|300923|9|  |0.000
0|300925|9|  |0.000
0|300926|9|  |0.000
0|300927|9|  |0.000
0|300928|9|  |0.000
0|300929|9|  |0.000
0|300930|9|  |0.000
0|300931|9|  |0.000
0|300932|9|  |0.000
0|300933|9|  |0.000
0|300935|9|  |0.000
0|300936|9|  |0.000
0|300937|9|  |0.000
0|300938|9|  |0.000
0|300939|9|  |0.000
0|300940|9|  |0.000
0|300941|9|  |0.000
0|300942|9|  |0.000
0|300943|9|  |0.000
0|300945|9|  |0.000
0|300946|9|  |0.000
0|300947|9|  |0.000
0|300948|9|  |0.000
0|300949|9|  |0.000
0|300950|9|  |0.000
0|300951|9|  |0.000
0|300952|9|  |0.000
0|300953|9|  |0.000
0|300955|9|  |0.000
0|300956|9|  |0.000
0|300957|9|  |0.000
0|300958|9|废物处理: 永清环保  博天环境  博世科  高能环境  卓越新能  万德斯  三峰环境  北清环能  复洁环保  圣元环保  路德环境  通源环境  启迪环境  绿色动力  伟明环保  东江环保  上海环境  富春环保  中国天楹  瀚蓝环境  旺能环境  金圆股份  维尔利  百川畅银  |0.000
0|300959|9|  |0.000
0|300960|9|  |0.000
0|300961|9|  |0.000
0|300962|9|  |0.000
0|300963|9|  |0.000
0|300965|9|  |0.000
0|300966|9|  |0.000
0|300967|9|  |0.000
0|300968|9|  |0.000
0|300969|9|  |0.000
0|300970|9|  |0.000
0|300971|9|  |0.000
0|300972|9|  |0.000
0|300973|9|  |0.000
0|300975|9|  |0.000
0|300976|9|  |0.000
0|300977|9|  |0.000
0|300978|9|  |0.000
0|300979|9|  |0.000
0|300980|9|  |0.000
0|300981|9|  |0.000
0|300982|9|  |0.000
0|300983|9|  |0.000
0|300984|9|  |0.000
0|300985|9|  |0.000
0|300986|9|  |0.000
0|300987|9|  |0.000
0|300988|9|  |0.000
0|300989|9|  |0.000
0|300990|9|  |0.000
0|300991|9|  |0.000
0|300992|9|  |0.000
0|300993|9|  |0.000
0|300995|9|  |0.000
0|300996|9|  |0.000
0|300997|9|  |0.000
0|300998|9|  |0.000
0|300999|9|  |0.000
0|301000|9|  |0.000
0|301001|9|  |0.000
0|301002|9|  |0.000
0|301004|9|  |0.000
0|301005|9|  |0.000
0|301006|9|  |0.000
0|301007|9|  |0.000
0|301008|9|  |0.000
0|301009|9|  |0.000
0|301010|9|  |0.000
0|301011|9|  |0.000
0|301012|9|  |0.000
0|301013|9|  |0.000
0|301015|9|  |0.000
0|301016|9|  |0.000
0|301017|9|  |0.000
0|301018|9|  |0.000
0|301019|9|  |0.000
0|301020|9|  |0.000
0|301021|9|  |0.000
0|301022|9|  |0.000
0|301023|9|  |0.000
0|301039|9|  |0.000
1|600000|9|  |0.000
1|600004|9|  |0.000
1|600006|9|  |0.000
1|600007|9|  |0.000
1|600008|9|  |0.000
1|600009|9|  |0.000
1|600010|9|  |0.000
1|600011|9|  |0.000
1|600012|9|  |0.000
1|600015|9|  |0.000
1|600016|9|  |0.000
1|600017|9|  |0.000
1|600018|9|  |0.000
1|600019|9|  |0.000
1|600020|9|  |0.000
1|600021|9|  |0.000
1|600022|9|  |0.000
1|600023|9|  |0.000
1|600025|9|  |0.000
1|600026|9|  |0.000
1|600027|9|  |0.000
1|600028|9|  |0.000
1|600029|9|  |0.000
1|600030|9|  |0.000
1|600031|9|  |0.000
1|600032|9|  |0.000
1|600033|9|  |0.000
1|600035|9|  |0.000
1|600036|9|  |0.000
1|600037|9|  |0.000
1|600038|9|  |0.000
1|600039|9|  |0.000
1|600048|9|  |0.000
1|600050|9|  |0.000
1|600051|9|  |0.000
1|600052|9|  |0.000
1|600053|9|  |0.000
1|600054|9|  |0.000
1|600055|9|  |0.000
1|600056|9|  |0.000
1|600057|9|  |0.000
1|600058|9|  |0.000
1|600059|9|  |0.000
1|600060|9|  |0.000
1|600061|9|  |0.000
1|600062|9|  |0.000
1|600063|9|  |0.000
1|600064|9|  |0.000
1|600066|9|  |0.000
1|600067|9|  |0.000
1|600068|9|  |0.000
1|600069|9|  |0.000
1|600070|9|  |0.000
1|600071|9|  |0.000
1|600072|9|  |0.000
1|600073|9|  |0.000
1|600074|9|  |0.000
1|600075|9|  |0.000
1|600076|9|  |0.000
1|600077|9|  |0.000
1|600078|9|  |0.000
1|600079|9|  |0.000
1|600080|9|  |0.000
1|600081|9|  |0.000
1|600082|9|  |0.000
1|600083|9|  |0.000
1|600084|9|  |0.000
1|600085|9|  |0.000
1|600086|9|  |0.000
1|600088|9|  |0.000
1|600089|9|  |0.000
1|600090|9|  |0.000
1|600091|9|  |0.000
1|600093|9|  |0.000
1|600094|9|  |0.000
1|600095|9|  |0.000
1|600096|9|  |0.000
1|600097|9|  |0.000
1|600098|9|  |0.000
1|600099|9|  |0.000
1|600100|9|  |0.000
1|600101|9|  |0.000
1|600103|9|  |0.000
1|600104|9|  |0.000
1|600105|9|  |0.000
1|600106|9|  |0.000
1|600107|9|  |0.000
1|600108|9|  |0.000
1|600109|9|  |0.000
1|600110|9|  |0.000
1|600111|9|  |0.000
1|600112|9|  |0.000
1|600113|9|  |0.000
1|600114|9|  |0.000
1|600115|9|  |0.000
1|600116|9|  |0.000
1|600117|9|  |0.000
1|600118|9|  |0.000
1|600119|9|  |0.000
1|600120|9|  |0.000
1|600121|9|  |0.000
1|600122|9|  |0.000
1|600123|9|  |0.000
1|600125|9|  |0.000
1|600126|9|  |0.000
1|600127|9|  |0.000
1|600128|9|  |0.000
1|600129|9|  |0.000
1|600130|9|  |0.000
1|600131|9|  |0.000
1|600132|9|  |0.000
1|600133|9|  |0.000
1|600135|9|  |0.000
1|600136|9|  |0.000
1|600137|9|  |0.000
1|600138|9|  |0.000
1|600139|9|  |0.000
1|600141|9|  |0.000
1|600143|9|  |0.000
1|600145|9|  |0.000
1|600146|9|  |0.000
1|600148|9|  |0.000
1|600149|9|  |0.000
1|600150|9|  |0.000
1|600151|9|  |0.000
1|600152|9|  |0.000
1|600153|9|  |0.000
1|600155|9|  |0.000
1|600156|9|  |0.000
1|600157|9|  |0.000
1|600158|9|  |0.000
1|600159|9|  |0.000
1|600160|9|  |0.000
1|600161|9|  |0.000
1|600162|9|  |0.000
1|600163|9|  |0.000
1|600165|9|  |0.000
1|600166|9|  |0.000
1|600167|9|  |0.000
1|600168|9|  |0.000
1|600169|9|  |0.000
1|600170|9|  |0.000
1|600171|9|  |0.000
1|600172|9|  |0.000
1|600173|9|  |0.000
1|600175|9|  |0.000
1|600176|9|  |0.000
1|600177|9|  |0.000
1|600178|9|  |0.000
1|600179|9|  |0.000
1|600180|9|  |0.000
1|600182|9|  |0.000
1|600183|9|  |0.000
1|600184|9|  |0.000
1|600185|9|  |0.000
1|600186|9|  |0.000
1|600187|9|  |0.000
1|600188|9|  |0.000
1|600189|9|  |0.000
1|600190|9|  |0.000
1|600191|9|  |0.000
1|600192|9|  |0.000
1|600193|9|  |0.000
1|600195|9|  |0.000
1|600196|9|  |0.000
1|600197|9|  |0.000
1|600198|9|  |0.000
1|600199|9|  |0.000
1|600200|9|  |0.000
1|600201|9|  |0.000
1|600202|9|  |0.000
1|600203|9|  |0.000
1|600206|9|  |0.000
1|600207|9|  |0.000
1|600208|9|  |0.000
1|600209|9|  |0.000
1|600210|9|  |0.000
1|600211|9|  |0.000
1|600212|9|  |0.000
1|600213|9|  |0.000
1|600215|9|  |0.000
1|600216|9|  |0.000
1|600217|9|  |0.000
1|600218|9|  |0.000
1|600219|9|  |0.000
1|600220|9|  |0.000
1|600221|9|  |0.000
1|600222|9|  |0.000
1|600223|9|  |0.000
1|600225|9|  |0.000
1|600226|9|  |0.000
1|600227|9|  |0.000
1|600228|9|  |0.000
1|600229|9|  |0.000
1|600230|9|  |0.000
1|600231|9|  |0.000
1|600232|9|  |0.000
1|600233|9|  |0.000
1|600234|9|  |0.000
1|600235|9|  |0.000
1|600236|9|  |0.000
1|600237|9|  |0.000
1|600238|9|  |0.000
1|600239|9|  |0.000
1|600240|9|  |0.000
1|600241|9|  |0.000
1|600242|9|  |0.000
1|600243|9|  |0.000
1|600246|9|  |0.000
1|600247|9|  |0.000
1|600248|9|  |0.000
1|600249|9|  |0.000
1|600250|9|  |0.000
1|600251|9|  |0.000
1|600252|9|  |0.000
1|600255|9|  |0.000
1|600256|9|  |0.000
1|600257|9|  |0.000
1|600258|9|  |0.000
1|600259|9|  |0.000
1|600260|9|  |0.000
1|600261|9|  |0.000
1|600262|9|  |0.000
1|600265|9|  |0.000
1|600266|9|  |0.000
1|600267|9|  |0.000
1|600268|9|  |0.000
1|600269|9|  |0.000
1|600271|9|  |0.000
1|600272|9|  |0.000
1|600273|9|  |0.000
1|600275|9|  |0.000
1|600276|9|  |0.000
1|600277|9|  |0.000
1|600278|9|  |0.000
1|600279|9|  |0.000
1|600280|9|  |0.000
1|600281|9|  |0.000
1|600282|9|  |0.000
1|600283|9|  |0.000
1|600284|9|  |0.000
1|600285|9|  |0.000
1|600287|9|  |0.000
1|600288|9|  |0.000
1|600289|9|  |0.000
1|600290|9|  |0.000
1|600291|9|  |0.000
1|600292|9|  |0.000
1|600293|9|  |0.000
1|600295|9|  |0.000
1|600297|9|  |0.000
1|600298|9|  |0.000
1|600299|9|  |0.000
1|600300|9|  |0.000
1|600301|9|  |0.000
1|600302|9|  |0.000
1|600303|9|  |0.000
1|600305|9|  |0.000
1|600306|9|  |0.000
1|600307|9|  |0.000
1|600308|9|  |0.000
1|600309|9|  |0.000
1|600310|9|  |0.000
1|600311|9|  |0.000
1|600312|9|  |0.000
1|600313|9|  |0.000
1|600315|9|  |0.000
1|600316|9|  |0.000
1|600317|9|  |0.000
1|600318|9|  |0.000
1|600319|9|  |0.000
1|600320|9|  |0.000
1|600321|9|  |0.000
1|600322|9|  |0.000
1|600323|9|  |0.000
1|600325|9|  |0.000
1|600326|9|  |0.000
1|600327|9|  |0.000
1|600328|9|  |0.000
1|600329|9|  |0.000
1|600330|9|  |0.000
1|600331|9|  |0.000
1|600332|9|  |0.000
1|600333|9|  |0.000
1|600335|9|  |0.000
1|600336|9|  |0.000
1|600337|9|  |0.000
1|600338|9|  |0.000
1|600339|9|  |0.000
1|600340|9|  |0.000
1|600343|9|  |0.000
1|600345|9|  |0.000
1|600346|9|  |0.000
1|600348|9|  |0.000
1|600350|9|  |0.000
1|600351|9|  |0.000
1|600352|9|  |0.000
1|600353|9|  |0.000
1|600354|9|  |0.000
1|600355|9|  |0.000
1|600356|9|  |0.000
1|600358|9|  |0.000
1|600359|9|  |0.000
1|600360|9|  |0.000
1|600361|9|  |0.000
1|600362|9|  |0.000
1|600363|9|  |0.000
1|600365|9|  |0.000
1|600366|9|  |0.000
1|600367|9|  |0.000
1|600368|9|  |0.000
1|600369|9|  |0.000
1|600370|9|  |0.000
1|600371|9|  |0.000
1|600372|9|  |0.000
1|600373|9|  |0.000
1|600375|9|  |0.000
1|600376|9|  |0.000
1|600377|9|  |0.000
1|600378|9|  |0.000
1|600379|9|  |0.000
1|600380|9|  |0.000
1|600381|9|  |0.000
1|600382|9|  |0.000
1|600383|9|  |0.000
1|600385|9|  |0.000
1|600386|9|  |0.000
1|600387|9|  |0.000
1|600388|9|  |0.000
1|600389|9|  |0.000
1|600390|9|  |0.000
1|600391|9|  |0.000
1|600392|9|  |0.000
1|600393|9|  |0.000
1|600395|9|  |0.000
1|600396|9|  |0.000
1|600397|9|  |0.000
1|600398|9|  |0.000
1|600399|9|  |0.000
1|600400|9|  |0.000
1|600403|9|  |0.000
1|600405|9|  |0.000
1|600406|9|  |0.000
1|600408|9|  |0.000
1|600409|9|  |0.000
1|600410|9|  |0.000
1|600415|9|  |0.000
1|600416|9|  |0.000
1|600418|9|  |0.000
1|600419|9|  |0.000
1|600420|9|  |0.000
1|600421|9|  |0.000
1|600422|9|  |0.000
1|600423|9|  |0.000
1|600425|9|  |0.000
1|600426|9|  |0.000
1|600428|9|  |0.000
1|600429|9|  |0.000
1|600433|9|  |0.000
1|600435|9|  |0.000
1|600436|9|  |0.000
1|600438|9|  |0.000
1|600439|9|  |0.000
1|600444|9|  |0.000
1|600446|9|  |0.000
1|600448|9|  |0.000
1|600449|9|  |0.000
1|600452|9|  |0.000
1|600455|9|  |0.000
1|600456|9|  |0.000
1|600458|9|  |0.000
1|600459|9|  |0.000
1|600460|9|  |0.000
1|600461|9|  |0.000
1|600462|9|  |0.000
1|600463|9|  |0.000
1|600466|9|  |0.000
1|600467|9|  |0.000
1|600468|9|  |0.000
1|600469|9|  |0.000
1|600470|9|  |0.000
1|600475|9|  |0.000
1|600476|9|  |0.000
1|600477|9|  |0.000
1|600478|9|  |0.000
1|600479|9|  |0.000
1|600480|9|  |0.000
1|600481|9|  |0.000
1|600482|9|  |0.000
1|600483|9|  |0.000
1|600485|9|  |0.000
1|600486|9|  |0.000
1|600487|9|  |0.000
1|600488|9|  |0.000
1|600489|9|  |0.000
1|600490|9|  |0.000
1|600491|9|  |0.000
1|600493|9|  |0.000
1|600495|9|  |0.000
1|600496|9|  |0.000
1|600497|9|  |0.000
1|600498|9|  |0.000
1|600499|9|  |0.000
1|600500|9|  |0.000
1|600501|9|  |0.000
1|600502|9|  |0.000
1|600503|9|  |0.000
1|600505|9|  |0.000
1|600506|9|  |0.000
1|600507|9|  |0.000
1|600508|9|  |0.000
1|600509|9|  |0.000
1|600510|9|  |0.000
1|600511|9|  |0.000
1|600512|9|  |0.000
1|600513|9|  |0.000
1|600515|9|  |0.000
1|600516|9|  |0.000
1|600517|9|  |0.000
1|600518|9|  |0.000
1|600519|9|  |0.000
1|600520|9|  |0.000
1|600521|9|  |0.000
1|600522|9|  |0.000
1|600523|9|  |0.000
1|600525|9|  |0.000
1|600526|9|  |0.000
1|600527|9|  |0.000
1|600528|9|  |0.000
1|600529|9|  |0.000
1|600530|9|  |0.000
1|600531|9|  |0.000
1|600532|9|  |0.000
1|600533|9|  |0.000
1|600535|9|  |0.000
1|600536|9|  |0.000
1|600537|9|  |0.000
1|600538|9|  |0.000
1|600539|9|  |0.000
1|600540|9|  |0.000
1|600543|9|  |0.000
1|600545|9|  |0.000
1|600546|9|  |0.000
1|600547|9|  |0.000
1|600548|9|  |0.000
1|600549|9|  |0.000
1|600550|9|  |0.000
1|600551|9|  |0.000
1|600552|9|  |0.000
1|600555|9|  |0.000
1|600556|9|  |0.000
1|600557|9|  |0.000
1|600558|9|  |0.000
1|600559|9|  |0.000
1|600560|9|  |0.000
1|600561|9|  |0.000
1|600562|9|  |0.000
1|600563|9|  |0.000
1|600565|9|  |0.000
1|600566|9|  |0.000
1|600567|9|  |0.000
1|600568|9|  |0.000
1|600569|9|  |0.000
1|600570|9|  |0.000
1|600571|9|  |0.000
1|600572|9|  |0.000
1|600573|9|  |0.000
1|600575|9|  |0.000
1|600576|9|  |0.000
1|600577|9|  |0.000
1|600578|9|  |0.000
1|600579|9|  |0.000
1|600580|9|  |0.000
1|600581|9|  |0.000
1|600582|9|  |0.000
1|600583|9|  |0.000
1|600584|9|  |0.000
1|600585|9|  |0.000
1|600586|9|  |0.000
1|600587|9|  |0.000
1|600588|9|  |0.000
1|600589|9|  |0.000
1|600590|9|  |0.000
1|600592|9|  |0.000
1|600593|9|  |0.000
1|600594|9|  |0.000
1|600595|9|  |0.000
1|600596|9|  |0.000
1|600597|9|  |0.000
1|600598|9|  |0.000
1|600599|9|  |0.000
1|600600|9|  |0.000
1|600601|9|  |0.000
1|600602|9|  |0.000
1|600603|9|  |0.000
1|600604|9|  |0.000
1|600605|9|  |0.000
1|600606|9|  |0.000
1|600608|9|  |0.000
1|600609|9|  |0.000
1|600610|9|  |0.000
1|600611|9|  |0.000
1|600612|9|  |0.000
1|600613|9|  |0.000
1|600614|9|  |0.000
1|600615|9|  |0.000
1|600616|9|  |0.000
1|600617|9|  |0.000
1|600618|9|  |0.000
1|600619|9|  |0.000
1|600620|9|  |0.000
1|600621|9|  |0.000
1|600622|9|  |0.000
1|600623|9|  |0.000
1|600624|9|  |0.000
1|600626|9|  |0.000
1|600628|9|  |0.000
1|600629|9|  |0.000
1|600630|9|  |0.000
1|600633|9|  |0.000
1|600634|9|  |0.000
1|600635|9|  |0.000
1|600636|9|  |0.000
1|600637|9|  |0.000
1|600638|9|  |0.000
1|600639|9|  |0.000
1|600640|9|  |0.000
1|600641|9|  |0.000
1|600642|9|  |0.000
1|600643|9|  |0.000
1|600644|9|  |0.000
1|600645|9|  |0.000
1|600647|9|  |0.000
1|600648|9|  |0.000
1|600649|9|  |0.000
1|600650|9|  |0.000
1|600651|9|  |0.000
1|600652|9|  |0.000
1|600653|9|  |0.000
1|600654|9|  |0.000
1|600655|9|  |0.000
1|600657|9|  |0.000
1|600658|9|  |0.000
1|600660|9|  |0.000
1|600661|9|  |0.000
1|600662|9|  |0.000
1|600663|9|  |0.000
1|600664|9|  |0.000
1|600665|9|  |0.000
1|600666|9|  |0.000
1|600667|9|  |0.000
1|600668|9|  |0.000
1|600671|9|  |0.000
1|600673|9|  |0.000
1|600674|9|  |0.000
1|600675|9|  |0.000
1|600676|9|  |0.000
1|600677|9|  |0.000
1|600678|9|  |0.000
1|600679|9|  |0.000
1|600681|9|  |0.000
1|600682|9|  |0.000
1|600683|9|  |0.000
1|600684|9|  |0.000
1|600685|9|  |0.000
1|600686|9|  |0.000
1|600687|9|  |0.000
1|600688|9|  |0.000
1|600689|9|  |0.000
1|600690|9|  |0.000
1|600691|9|  |0.000
1|600692|9|  |0.000
1|600693|9|  |0.000
1|600694|9|  |0.000
1|600695|9|  |0.000
1|600696|9|  |0.000
1|600697|9|  |0.000
1|600698|9|  |0.000
1|600699|9|  |0.000
1|600701|9|  |0.000
1|600702|9|  |0.000
1|600703|9|  |0.000
1|600704|9|  |0.000
1|600705|9|  |0.000
1|600706|9|  |0.000
1|600707|9|  |0.000
1|600708|9|  |0.000
1|600710|9|  |0.000
1|600711|9|  |0.000
1|600712|9|  |0.000
1|600713|9|  |0.000
1|600714|9|  |0.000
1|600715|9|  |0.000
1|600716|9|  |0.000
1|600717|9|  |0.000
1|600718|9|  |0.000
1|600719|9|  |0.000
1|600720|9|  |0.000
1|600721|9|  |0.000
1|600722|9|  |0.000
1|600723|9|  |0.000
1|600724|9|  |0.000
1|600725|9|  |0.000
1|600726|9|  |0.000
1|600727|9|  |0.000
1|600728|9|  |0.000
1|600729|9|  |0.000
1|600730|9|  |0.000
1|600731|9|  |0.000
1|600732|9|  |0.000
1|600733|9|  |0.000
1|600734|9|  |0.000
1|600735|9|  |0.000
1|600736|9|  |0.000
1|600737|9|  |0.000
1|600738|9|  |0.000
1|600739|9|  |0.000
1|600740|9|  |0.000
1|600741|9|  |0.000
1|600742|9|  |0.000
1|600743|9|  |0.000
1|600744|9|  |0.000
1|600745|9|  |0.000
1|600746|9|  |0.000
1|600747|9|  |0.000
1|600748|9|  |0.000
1|600749|9|  |0.000
1|600750|9|  |0.000
1|600751|9|  |0.000
1|600753|9|  |0.000
1|600754|9|  |0.000
1|600755|9|  |0.000
1|600756|9|  |0.000
1|600757|9|  |0.000
1|600758|9|  |0.000
1|600759|9|  |0.000
1|600760|9|  |0.000
1|600761|9|  |0.000
1|600763|9|  |0.000
1|600764|9|  |0.000
1|600765|9|  |0.000
1|600766|9|  |0.000
1|600767|9|  |0.000
1|600768|9|  |0.000
1|600769|9|  |0.000
1|600770|9|  |0.000
1|600771|9|  |0.000
1|600773|9|  |0.000
1|600774|9|  |0.000
1|600775|9|  |0.000
1|600776|9|  |0.000
1|600777|9|  |0.000
1|600778|9|  |0.000
1|600779|9|  |0.000
1|600780|9|  |0.000
1|600781|9|  |0.000
1|600782|9|  |0.000
1|600783|9|  |0.000
1|600784|9|  |0.000
1|600785|9|  |0.000
1|600787|9|  |0.000
1|600789|9|  |0.000
1|600790|9|  |0.000
1|600791|9|  |0.000
1|600792|9|  |0.000
1|600793|9|  |0.000
1|600794|9|  |0.000
1|600795|9|  |0.000
1|600796|9|  |0.000
1|600797|9|  |0.000
1|600798|9|  |0.000
1|600800|9|  |0.000
1|600801|9|  |0.000
1|600802|9|  |0.000
1|600803|9|  |0.000
1|600804|9|  |0.000
1|600805|9|  |0.000
1|600807|9|  |0.000
1|600808|9|  |0.000
1|600809|9|  |0.000
1|600810|9|  |0.000
1|600811|9|  |0.000
1|600812|9|  |0.000
1|600814|9|  |0.000
1|600815|9|  |0.000
1|600816|9|  |0.000
1|600817|9|  |0.000
1|600818|9|  |0.000
1|600819|9|  |0.000
1|600820|9|  |0.000
1|600821|9|  |0.000
1|600822|9|  |0.000
1|600823|9|  |0.000
1|600824|9|  |0.000
1|600825|9|  |0.000
1|600826|9|  |0.000
1|600827|9|  |0.000
1|600828|9|  |0.000
1|600829|9|  |0.000
1|600830|9|  |0.000
1|600831|9|  |0.000
1|600833|9|  |0.000
1|600834|9|  |0.000
1|600835|9|  |0.000
1|600836|9|  |0.000
1|600837|9|  |0.000
1|600838|9|  |0.000
1|600839|9|  |0.000
1|600841|9|  |0.000
1|600843|9|  |0.000
1|600844|9|  |0.000
1|600845|9|  |0.000
1|600846|9|  |0.000
1|600847|9|  |0.000
1|600848|9|  |0.000
1|600850|9|  |0.000
1|600851|9|  |0.000
1|600853|9|  |0.000
1|600854|9|  |0.000
1|600855|9|  |0.000
1|600856|9|  |0.000
1|600857|9|  |0.000
1|600858|9|  |0.000
1|600859|9|  |0.000
1|600860|9|  |0.000
1|600861|9|  |0.000
1|600862|9|  |0.000
1|600863|9|  |0.000
1|600864|9|  |0.000
1|600865|9|  |0.000
1|600866|9|  |0.000
1|600867|9|  |0.000
1|600868|9|  |0.000
1|600869|9|  |0.000
1|600870|9|  |0.000
1|600871|9|  |0.000
1|600872|9|  |0.000
1|600873|9|  |0.000
1|600874|9|  |0.000
1|600875|9|  |0.000
1|600876|9|  |0.000
1|600877|9|  |0.000
1|600879|9|  |0.000
1|600880|9|  |0.000
1|600881|9|  |0.000
1|600882|9|  |0.000
1|600883|9|  |0.000
1|600884|9|  |0.000
1|600885|9|  |0.000
1|600886|9|  |0.000
1|600887|9|  |0.000
1|600888|9|  |0.000
1|600889|9|  |0.000
1|600890|9|  |0.000
1|600891|9|  |0.000
1|600892|9|  |0.000
1|600893|9|  |0.000
1|600894|9|  |0.000
1|600895|9|  |0.000
1|600896|9|  |0.000
1|600897|9|  |0.000
1|600898|9|  |0.000
1|600900|9|  |0.000
1|600901|9|  |0.000
1|600903|9|  |0.000
1|600905|9|  |0.000
1|600906|9|  |0.000
1|600908|9|  |0.000
1|600909|9|  |0.000
1|600916|9|  |0.000
1|600917|9|  |0.000
1|600918|9|  |0.000
1|600919|9|  |0.000
1|600926|9|  |0.000
1|600928|9|  |0.000
1|600929|9|  |0.000
1|600933|9|  |0.000
1|600936|9|  |0.000
1|600939|9|  |0.000
1|600956|9|  |0.000
1|600958|9|  |0.000
1|600959|9|  |0.000
1|600960|9|  |0.000
1|600961|9|  |0.000
1|600962|9|  |0.000
1|600963|9|  |0.000
1|600965|9|  |0.000
1|600966|9|  |0.000
1|600967|9|  |0.000
1|600968|9|  |0.000
1|600969|9|  |0.000
1|600970|9|  |0.000
1|600971|9|  |0.000
1|600973|9|  |0.000
1|600975|9|  |0.000
1|600976|9|  |0.000
1|600977|9|  |0.000
1|600978|9|  |0.000
1|600979|9|  |0.000
1|600980|9|  |0.000
1|600981|9|  |0.000
1|600982|9|  |0.000
1|600983|9|  |0.000
1|600984|9|  |0.000
1|600985|9|  |0.000
1|600986|9|  |0.000
1|600987|9|  |0.000
1|600988|9|  |0.000
1|600989|9|  |0.000
1|600990|9|  |0.000
1|600992|9|  |0.000
1|600993|9|  |0.000
1|600995|9|  |0.000
1|600996|9|  |0.000
1|600997|9|  |0.000
1|600998|9|  |0.000
1|600999|9|  |0.000
1|601000|9|  |0.000
1|601001|9|  |0.000
1|601002|9|  |0.000
1|601003|9|  |0.000
1|601005|9|  |0.000
1|601006|9|  |0.000
1|601007|9|  |0.000
1|601008|9|  |0.000
1|601009|9|  |0.000
1|601010|9|  |0.000
1|601011|9|  |0.000
1|601012|9|  |0.000
1|601015|9|  |0.000
1|601016|9|  |0.000
1|601018|9|  |0.000
1|601019|9|  |0.000
1|601020|9|  |0.000
1|601021|9|  |0.000
1|601028|9|  |0.000
1|601038|9|  |0.000
1|601058|9|  |0.000
1|601066|9|  |0.000
1|601068|9|  |0.000
1|601069|9|  |0.000
1|601077|9|  |0.000
1|601086|9|  |0.000
1|601088|9|  |0.000
1|601098|9|  |0.000
1|601099|9|  |0.000
1|601100|9|  |0.000
1|601101|9|  |0.000
1|601106|9|  |0.000
1|601107|9|  |0.000
1|601108|9|  |0.000
1|601111|9|  |0.000
1|601113|9|  |0.000
1|601116|9|  |0.000
1|601117|9|  |0.000
1|601118|9|  |0.000
1|601126|9|  |0.000
1|601127|9|  |0.000
1|601128|9|  |0.000
1|601137|9|  |0.000
1|601138|9|  |0.000
1|601139|9|  |0.000
1|601155|9|  |0.000
1|601156|9|  |0.000
1|601158|9|  |0.000
1|601162|9|  |0.000
1|601163|9|  |0.000
1|601166|9|  |0.000
1|601168|9|  |0.000
1|601169|9|  |0.000
1|601177|9|  |0.000
1|601179|9|  |0.000
1|601186|9|  |0.000
1|601187|9|  |0.000
1|601188|9|  |0.000
1|601198|9|  |0.000
1|601199|9|  |0.000
1|601200|9|  |0.000
1|601206|9|  |0.000
1|601208|9|  |0.000
1|601211|9|  |0.000
1|601212|9|  |0.000
1|601216|9|  |0.000
1|601218|9|  |0.000
1|601222|9|  |0.000
1|601225|9|  |0.000
1|601226|9|  |0.000
1|601228|9|  |0.000
1|601229|9|  |0.000
1|601231|9|  |0.000
1|601233|9|  |0.000
1|601236|9|  |0.000
1|601238|9|  |0.000
1|601258|9|  |0.000
1|601279|9|  |0.000
1|601288|9|  |0.000
1|601298|9|  |0.000
1|601311|9|  |0.000
1|601318|9|  |0.000
1|601319|9|  |0.000
1|601326|9|  |0.000
1|601328|9|  |0.000
1|601330|9|  |0.000
1|601333|9|  |0.000
1|601336|9|  |0.000
1|601339|9|  |0.000
1|601360|9|  |0.000
1|601366|9|  |0.000
1|601368|9|  |0.000
1|601369|9|  |0.000
1|601375|9|  |0.000
1|601377|9|  |0.000
1|601388|9|  |0.000
1|601390|9|  |0.000
1|601398|9|  |0.000
1|601399|9|  |0.000
1|601456|9|  |0.000
1|601500|9|  |0.000
1|601512|9|  |0.000
1|601515|9|  |0.000
1|601518|9|  |0.000
1|601519|9|  |0.000
1|601528|9|  |0.000
1|601555|9|  |0.000
1|601558|9|  |0.000
1|601566|9|  |0.000
1|601567|9|  |0.000
1|601568|9|  |0.000
1|601577|9|  |0.000
1|601579|9|  |0.000
1|601588|9|  |0.000
1|601595|9|  |0.000
1|601598|9|  |0.000
1|601599|9|  |0.000
1|601600|9|  |0.000
1|601601|9|  |0.000
1|601606|9|  |0.000
1|601607|9|  |0.000
1|601608|9|  |0.000
1|601609|9|  |0.000
1|601611|9|  |0.000
1|601615|9|  |0.000
1|601616|9|  |0.000
1|601618|9|  |0.000
1|601619|9|  |0.000
1|601628|9|  |0.000
1|601633|9|  |0.000
1|601636|9|  |0.000
1|601658|9|  |0.000
1|601665|9|  |0.000
1|601666|9|  |0.000
1|601668|9|  |0.000
1|601669|9|  |0.000
1|601677|9|  |0.000
1|601678|9|  |0.000
1|601686|9|  |0.000
1|601688|9|  |0.000
1|601689|9|  |0.000
1|601696|9|  |0.000
1|601698|9|  |0.000
1|601699|9|  |0.000
1|601700|9|  |0.000
1|601702|9|  |0.000
1|601717|9|  |0.000
1|601718|9|  |0.000
1|601727|9|  |0.000
1|601766|9|  |0.000
1|601777|9|  |0.000
1|601778|9|  |0.000
1|601788|9|  |0.000
1|601789|9|  |0.000
1|601798|9|  |0.000
1|601799|9|  |0.000
1|601800|9|  |0.000
1|601801|9|  |0.000
1|601808|9|  |0.000
1|601811|9|  |0.000
1|601816|9|  |0.000
1|601818|9|  |0.000
1|601827|9|  |0.000
1|601828|9|  |0.000
1|601838|9|  |0.000
1|601857|9|  |0.000
1|601858|9|  |0.000
1|601860|9|  |0.000
1|601865|9|  |0.000
1|601866|9|  |0.000
1|601869|9|  |0.000
1|601872|9|  |0.000
1|601877|9|  |0.000
1|601878|9|  |0.000
1|601880|9|  |0.000
1|601881|9|  |0.000
1|601882|9|  |0.000
1|601886|9|  |0.000
1|601888|9|  |0.000
1|601890|9|  |0.000
1|601898|9|  |0.000
1|601899|9|  |0.000
1|601900|9|  |0.000
1|601901|9|  |0.000
1|601908|9|  |0.000
1|601916|9|  |0.000
1|601918|9|  |0.000
1|601919|9|  |0.000
1|601928|9|  |0.000
1|601929|9|  |0.000
1|601933|9|  |0.000
1|601939|9|  |0.000
1|601949|9|  |0.000
1|601952|9|  |0.000
1|601956|9|  |0.000
1|601958|9|  |0.000
1|601963|9|  |0.000
1|601965|9|  |0.000
1|601966|9|  |0.000
1|601968|9|  |0.000
1|601969|9|  |0.000
1|601975|9|  |0.000
1|601985|9|  |0.000
1|601988|9|  |0.000
1|601989|9|  |0.000
1|601990|9|  |0.000
1|601991|9|  |0.000
1|601992|9|  |0.000
1|601995|9|  |0.000
1|601996|9|  |0.000
1|601997|9|  |0.000
1|601998|9|  |0.000
1|601999|9|  |0.000
1|603000|9|  |0.000
1|603001|9|  |0.000
1|603002|9|  |0.000
1|603003|9|  |0.000
1|603005|9|  |0.000
1|603006|9|  |0.000
1|603007|9|  |0.000
1|603008|9|  |0.000
1|603009|9|  |0.000
1|603010|9|  |0.000
1|603011|9|  |0.000
1|603012|9|  |0.000
1|603013|9|  |0.000
1|603015|9|  |0.000
1|603016|9|  |0.000
1|603017|9|  |0.000
1|603018|9|  |0.000
1|603019|9|  |0.000
1|603020|9|  |0.000
1|603021|9|  |0.000
1|603022|9|  |0.000
1|603023|9|  |0.000
1|603025|9|  |0.000
1|603026|9|  |0.000
1|603027|9|  |0.000
1|603028|9|  |0.000
1|603029|9|  |0.000
1|603030|9|  |0.000
1|603031|9|  |0.000
1|603032|9|  |0.000
1|603033|9|  |0.000
1|603035|9|  |0.000
1|603036|9|  |0.000
1|603037|9|  |0.000
1|603038|9|  |0.000
1|603039|9|  |0.000
1|603040|9|  |0.000
1|603041|9|  |0.000
1|603042|9|  |0.000
1|603043|9|  |0.000
1|603045|9|  |0.000
1|603050|9|  |0.000
1|603053|9|  |0.000
1|603055|9|  |0.000
1|603056|9|  |0.000
1|603058|9|  |0.000
1|603059|9|  |0.000
1|603060|9|  |0.000
1|603063|9|  |0.000
1|603066|9|  |0.000
1|603067|9|  |0.000
1|603068|9|  |0.000
1|603069|9|  |0.000
1|603076|9|  |0.000
1|603077|9|  |0.000
1|603078|9|  |0.000
1|603079|9|  |0.000
1|603080|9|  |0.000
1|603081|9|  |0.000
1|603083|9|  |0.000
1|603085|9|  |0.000
1|603086|9|  |0.000
1|603087|9|  |0.000
1|603088|9|  |0.000
1|603089|9|  |0.000
1|603090|9|  |0.000
1|603093|9|  |0.000
1|603095|9|  |0.000
1|603096|9|  |0.000
1|603098|9|  |0.000
1|603099|9|  |0.000
1|603100|9|  |0.000
1|603101|9|  |0.000
1|603103|9|  |0.000
1|603105|9|  |0.000
1|603106|9|  |0.000
1|603108|9|  |0.000
1|603109|9|  |0.000
1|603110|9|  |0.000
1|603111|9|  |0.000
1|603112|9|  |0.000
1|603113|9|  |0.000
1|603115|9|  |0.000
1|603116|9|  |0.000
1|603117|9|  |0.000
1|603118|9|  |0.000
1|603121|9|  |0.000
1|603123|9|  |0.000
1|603126|9|  |0.000
1|603127|9|  |0.000
1|603128|9|  |0.000
1|603129|9|  |0.000
1|603131|9|  |0.000
1|603133|9|  |0.000
1|603136|9|  |0.000
1|603138|9|  |0.000
1|603139|9|  |0.000
1|603155|9|  |0.000
1|603156|9|  |0.000
1|603157|9|  |0.000
1|603158|9|  |0.000
1|603159|9|  |0.000
1|603160|9|  |0.000
1|603161|9|  |0.000
1|603165|9|  |0.000
1|603166|9|  |0.000
1|603167|9|  |0.000
1|603168|9|  |0.000
1|603169|9|  |0.000
1|603171|9|  |0.000
1|603177|9|  |0.000
1|603178|9|  |0.000
1|603179|9|  |0.000
1|603180|9|  |0.000
1|603181|9|  |0.000
1|603183|9|  |0.000
1|603185|9|  |0.000
1|603186|9|  |0.000
1|603187|9|  |0.000
1|603188|9|  |0.000
1|603189|9|  |0.000
1|603192|9|  |0.000
1|603195|9|  |0.000
1|603196|9|  |0.000
1|603197|9|  |0.000
1|603198|9|  |0.000
1|603199|9|  |0.000
1|603200|9|  |0.000
1|603203|9|  |0.000
1|603208|9|  |0.000
1|603212|9|  |0.000
1|603214|9|  |0.000
1|603217|9|  |0.000
1|603218|9|  |0.000
1|603220|9|  |0.000
1|603221|9|  |0.000
1|603222|9|  |0.000
1|603223|9|  |0.000
1|603225|9|  |0.000
1|603226|9|  |0.000
1|603227|9|  |0.000
1|603228|9|  |0.000
1|603229|9|  |0.000
1|603232|9|  |0.000
1|603233|9|  |0.000
1|603236|9|  |0.000
1|603238|9|  |0.000
1|603239|9|  |0.000
1|603256|9|  |0.000
1|603258|9|  |0.000
1|603259|9|  |0.000
1|603260|9|  |0.000
1|603266|9|  |0.000
1|603267|9|  |0.000
1|603268|9|  |0.000
1|603269|9|  |0.000
1|603277|9|  |0.000
1|603278|9|  |0.000
1|603279|9|  |0.000
1|603283|9|  |0.000
1|603286|9|  |0.000
1|603288|9|  |0.000
1|603289|9|  |0.000
1|603290|9|  |0.000
1|603297|9|  |0.000
1|603298|9|  |0.000
1|603299|9|  |0.000
1|603300|9|  |0.000
1|603301|9|  |0.000
1|603302|9|  |0.000
1|603303|9|  |0.000
1|603305|9|  |0.000
1|603306|9|  |0.000
1|603308|9|  |0.000
1|603309|9|  |0.000
1|603311|9|  |0.000
1|603313|9|  |0.000
1|603315|9|  |0.000
1|603316|9|  |0.000
1|603317|9|  |0.000
1|603318|9|  |0.000
1|603319|9|  |0.000
1|603320|9|  |0.000
1|603321|9|  |0.000
1|603322|9|  |0.000
1|603323|9|  |0.000
1|603324|9|  |0.000
1|603326|9|  |0.000
1|603327|9|  |0.000
1|603328|9|  |0.000
1|603329|9|  |0.000
1|603330|9|  |0.000
1|603331|9|  |0.000
1|603332|9|  |0.000
1|603333|9|  |0.000
1|603335|9|  |0.000
1|603336|9|  |0.000
1|603337|9|  |0.000
1|603338|9|  |0.000
1|603339|9|  |0.000
1|603345|9|  |0.000
1|603348|9|  |0.000
1|603351|9|  |0.000
1|603353|9|  |0.000
1|603355|9|  |0.000
1|603356|9|  |0.000
1|603357|9|  |0.000
1|603358|9|  |0.000
1|603359|9|  |0.000
1|603360|9|  |0.000
1|603363|9|  |0.000
1|603365|9|  |0.000
1|603366|9|  |0.000
1|603367|9|  |0.000
1|603368|9|  |0.000
1|603369|9|  |0.000
1|603377|9|  |0.000
1|603378|9|  |0.000
1|603379|9|  |0.000
1|603380|9|  |0.000
1|603383|9|  |0.000
1|603385|9|  |0.000
1|603386|9|  |0.000
1|603387|9|  |0.000
1|603388|9|  |0.000
1|603389|9|  |0.000
1|603390|9|  |0.000
1|603392|9|  |0.000
1|603393|9|  |0.000
1|603396|9|  |0.000
1|603398|9|  |0.000
1|603399|9|  |0.000
1|603408|9|  |0.000
1|603416|9|  |0.000
1|603421|9|  |0.000
1|603429|9|  |0.000
1|603439|9|  |0.000
1|603444|9|  |0.000
1|603456|9|  |0.000
1|603458|9|  |0.000
1|603466|9|  |0.000
1|603477|9|  |0.000
1|603486|9|  |0.000
1|603488|9|  |0.000
1|603489|9|  |0.000
1|603496|9|  |0.000
1|603499|9|  |0.000
1|603500|9|  |0.000
1|603501|9|  |0.000
1|603505|9|  |0.000
1|603506|9|  |0.000
1|603507|9|  |0.000
1|603508|9|  |0.000
1|603511|9|  |0.000
1|603515|9|  |0.000
1|603516|9|  |0.000
1|603517|9|  |0.000
1|603518|9|  |0.000
1|603519|9|  |0.000
1|603520|9|  |0.000
1|603527|9|  |0.000
1|603528|9|  |0.000
1|603529|9|  |0.000
1|603530|9|  |0.000
1|603533|9|  |0.000
1|603535|9|  |0.000
1|603536|9|  |0.000
1|603538|9|  |0.000
1|603551|9|  |0.000
1|603555|9|  |0.000
1|603556|9|  |0.000
1|603557|9|  |0.000
1|603558|9|  |0.000
1|603559|9|  |0.000
1|603565|9|  |0.000
1|603566|9|  |0.000
1|603567|9|  |0.000
1|603568|9|  |0.000
1|603569|9|  |0.000
1|603577|9|  |0.000
1|603578|9|  |0.000
1|603579|9|  |0.000
1|603580|9|  |0.000
1|603583|9|  |0.000
1|603585|9|  |0.000
1|603586|9|  |0.000
1|603587|9|  |0.000
1|603588|9|  |0.000
1|603589|9|  |0.000
1|603590|9|  |0.000
1|603595|9|  |0.000
1|603596|9|  |0.000
1|603598|9|  |0.000
1|603599|9|  |0.000
1|603600|9|  |0.000
1|603601|9|  |0.000
1|603602|9|  |0.000
1|603603|9|  |0.000
1|603605|9|  |0.000
1|603606|9|  |0.000
1|603607|9|  |0.000
1|603608|9|  |0.000
1|603609|9|  |0.000
1|603610|9|  |0.000
1|603611|9|  |0.000
1|603612|9|  |0.000
1|603613|9|  |0.000
1|603615|9|  |0.000
1|603616|9|  |0.000
1|603617|9|  |0.000
1|603618|9|  |0.000
1|603619|9|  |0.000
1|603626|9|  |0.000
1|603628|9|  |0.000
1|603629|9|  |0.000
1|603630|9|  |0.000
1|603633|9|  |0.000
1|603636|9|  |0.000
1|603637|9|  |0.000
1|603638|9|  |0.000
1|603639|9|  |0.000
1|603648|9|  |0.000
1|603650|9|  |0.000
1|603655|9|  |0.000
1|603656|9|  |0.000
1|603657|9|  |0.000
1|603658|9|  |0.000
1|603659|9|  |0.000
1|603660|9|  |0.000
1|603661|9|  |0.000
1|603662|9|  |0.000
1|603663|9|  |0.000
1|603665|9|  |0.000
1|603666|9|  |0.000
1|603667|9|  |0.000
1|603668|9|  |0.000
1|603669|9|  |0.000
1|603676|9|  |0.000
1|603677|9|  |0.000
1|603678|9|  |0.000
1|603679|9|  |0.000
1|603680|9|  |0.000
1|603681|9|  |0.000
1|603682|9|  |0.000
1|603683|9|  |0.000
1|603685|9|  |0.000
1|603686|9|  |0.000
1|603687|9|  |0.000
1|603688|9|  |0.000
1|603689|9|  |0.000
1|603690|9|  |0.000
1|603693|9|  |0.000
1|603696|9|  |0.000
1|603697|9|  |0.000
1|603698|9|  |0.000
1|603699|9|  |0.000
1|603700|9|  |0.000
1|603701|9|  |0.000
1|603703|9|  |0.000
1|603706|9|  |0.000
1|603707|9|  |0.000
1|603708|9|  |0.000
1|603709|9|  |0.000
1|603711|9|  |0.000
1|603712|9|  |0.000
1|603713|9|  |0.000
1|603716|9|  |0.000
1|603717|9|  |0.000
1|603718|9|  |0.000
1|603719|9|  |0.000
1|603721|9|  |0.000
1|603722|9|  |0.000
1|603725|9|  |0.000
1|603726|9|  |0.000
1|603727|9|  |0.000
1|603728|9|  |0.000
1|603729|9|  |0.000
1|603730|9|  |0.000
1|603733|9|  |0.000
1|603737|9|  |0.000
1|603738|9|  |0.000
1|603739|9|  |0.000
1|603755|9|  |0.000
1|603757|9|  |0.000
1|603758|9|  |0.000
1|603759|9|  |0.000
1|603766|9|  |0.000
1|603767|9|  |0.000
1|603768|9|  |0.000
1|603773|9|  |0.000
1|603776|9|  |0.000
1|603777|9|  |0.000
1|603778|9|  |0.000
1|603779|9|  |0.000
1|603786|9|  |0.000
1|603787|9|  |0.000
1|603788|9|  |0.000
1|603789|9|  |0.000
1|603790|9|  |0.000
1|603797|9|  |0.000
1|603798|9|  |0.000
1|603799|9|  |0.000
1|603800|9|  |0.000
1|603801|9|  |0.000
1|603803|9|  |0.000
1|603806|9|  |0.000
1|603808|9|  |0.000
1|603809|9|  |0.000
1|603810|9|  |0.000
1|603811|9|  |0.000
1|603813|9|  |0.000
1|603815|9|  |0.000
1|603816|9|  |0.000
1|603817|9|  |0.000
1|603818|9|  |0.000
1|603819|9|  |0.000
1|603822|9|  |0.000
1|603823|9|  |0.000
1|603825|9|  |0.000
1|603826|9|  |0.000
1|603828|9|  |0.000
1|603829|9|  |0.000
1|603833|9|  |0.000
1|603836|9|  |0.000
1|603838|9|  |0.000
1|603839|9|  |0.000
1|603843|9|  |0.000
1|603848|9|  |0.000
1|603855|9|  |0.000
1|603856|9|  |0.000
1|603858|9|  |0.000
1|603859|9|  |0.000
1|603860|9|  |0.000
1|603861|9|  |0.000
1|603863|9|  |0.000
1|603866|9|  |0.000
1|603867|9|  |0.000
1|603868|9|  |0.000
1|603869|9|  |0.000
1|603871|9|  |0.000
1|603876|9|  |0.000
1|603877|9|  |0.000
1|603878|9|  |0.000
1|603879|9|  |0.000
1|603880|9|  |0.000
1|603881|9|  |0.000
1|603882|9|  |0.000
1|603883|9|  |0.000
1|603885|9|  |0.000
1|603886|9|  |0.000
1|603887|9|  |0.000
1|603888|9|  |0.000
1|603889|9|  |0.000
1|603890|9|  |0.000
1|603893|9|  |0.000
1|603895|9|  |0.000
1|603896|9|  |0.000
1|603897|9|  |0.000
1|603898|9|  |0.000
1|603899|9|  |0.000
1|603900|9|  |0.000
1|603901|9|  |0.000
1|603903|9|  |0.000
1|603906|9|  |0.000
1|603908|9|  |0.000
1|603909|9|  |0.000
1|603912|9|  |0.000
1|603915|9|  |0.000
1|603916|9|  |0.000
1|603917|9|  |0.000
1|603918|9|  |0.000
1|603919|9|  |0.000
1|603920|9|  |0.000
1|603922|9|  |0.000
1|603926|9|  |0.000
1|603927|9|  |0.000
1|603928|9|  |0.000
1|603929|9|  |0.000
1|603931|9|  |0.000
1|603933|9|  |0.000
1|603936|9|  |0.000
1|603937|9|  |0.000
1|603938|9|  |0.000
1|603939|9|  |0.000
1|603948|9|  |0.000
1|603949|9|  |0.000
1|603950|9|  |0.000
1|603955|9|  |0.000
1|603956|9|  |0.000
1|603958|9|  |0.000
1|603959|9|  |0.000
1|603960|9|  |0.000
1|603963|9|  |0.000
1|603966|9|  |0.000
1|603967|9|  |0.000
1|603968|9|  |0.000
1|603969|9|  |0.000
1|603970|9|  |0.000
1|603976|9|  |0.000
1|603977|9|  |0.000
1|603978|9|  |0.000
1|603979|9|  |0.000
1|603980|9|  |0.000
1|603982|9|  |0.000
1|603983|9|  |0.000
1|603985|9|  |0.000
1|603986|9|  |0.000
1|603987|9|  |0.000
1|603988|9|  |0.000
1|603989|9|  |0.000
1|603990|9|  |0.000
1|603991|9|  |0.000
1|603992|9|  |0.000
1|603993|9|  |0.000
1|603995|9|  |0.000
1|603996|9|  |0.000
1|603997|9|  |0.000
1|603998|9|  |0.000
1|603999|9|  |0.000
1|605001|9|  |0.000
1|605003|9|  |0.000
1|605005|9|  |0.000
1|605006|9|  |0.000
1|605007|9|  |0.000
1|605008|9|  |0.000
1|605009|9|  |0.000
1|605011|9|  |0.000
1|605016|9|  |0.000
1|605018|9|  |0.000
1|605020|9|氟化工: 三美股份  巨化股份  多氟多  永太科技  国新文化  中欣氟材  |0.000
1|605050|9|  |0.000
1|605055|9|  |0.000
1|605058|9|  |0.000
1|605060|9|  |0.000
1|605066|9|  |0.000
1|605068|9|  |0.000
1|605077|9|  |0.000
1|605080|9|  |0.000
1|605081|9|  |0.000
1|605086|9|  |0.000
1|605088|9|  |0.000
1|605089|9|  |0.000
1|605090|9|  |0.000
1|605098|9|  |0.000
1|605099|9|  |0.000
1|605100|9|  |0.000
1|605108|9|  |0.000
1|605111|9|  |0.000
1|605116|9|  |0.000
1|605117|9|  |0.000
1|605118|9|  |0.000
1|605122|9|  |0.000
1|605123|9|  |0.000
1|605128|9|  |0.000
1|605133|9|  |0.000
1|605136|9|  |0.000
1|605151|9|  |0.000
1|605155|9|  |0.000
1|605158|9|  |0.000
1|605162|9|  |0.000
1|605166|9|  |0.000
1|605168|9|  |0.000
1|605169|9|  |0.000
1|605177|9|  |0.000
1|605178|9|  |0.000
1|605179|9|  |0.000
1|605180|9|  |0.000
1|605183|9|  |0.000
1|605186|9|  |0.000
1|605188|9|  |0.000
1|605189|9|  |0.000
1|605196|9|  |0.000
1|605198|9|  |0.000
1|605199|9|  |0.000
1|605208|9|  |0.000
1|605218|9|  |0.000
1|605222|9|  |0.000
1|605228|9|  |0.000
1|605255|9|  |0.000
1|605258|9|  |0.000
1|605259|9|  |0.000
1|605266|9|  |0.000
1|605268|9|  |0.000
1|605277|9|  |0.000
1|605286|9|  |0.000
1|605287|9|  |0.000
1|605288|9|  |0.000
1|605289|9|  |0.000
1|605296|9|  |0.000
1|605298|9|  |0.000
1|605299|9|  |0.000
1|605300|9|  |0.000
1|605303|9|  |0.000
1|605305|9|  |0.000
1|605318|9|  |0.000
1|605319|9|  |0.000
1|605333|9|  |0.000
1|605336|9|  |0.000
1|605337|9|  |0.000
1|605338|9|  |0.000
1|605339|9|  |0.000
1|605358|9|  |0.000
1|605366|9|  |0.000
1|605368|9|  |0.000
1|605369|9|  |0.000
1|605376|9|  |0.000
1|605377|9|  |0.000
1|605378|9|  |0.000
1|605388|9|  |0.000
1|605389|9|  |0.000
1|605398|9|  |0.000
1|605399|9|  |0.000
1|605488|9|  |0.000
1|605499|9|  |0.000
1|605500|9|  |0.000
1|688001|9|  |0.000
1|688002|9|  |0.000
1|688003|9|  |0.000
1|688004|9|  |0.000
1|688005|9|  |0.000
1|688006|9|  |0.000
1|688007|9|  |0.000
1|688008|9|  |0.000
1|688009|9|  |0.000
1|688010|9|  |0.000
1|688011|9|  |0.000
1|688012|9|  |0.000
1|688013|9|  |0.000
1|688015|9|  |0.000
1|688016|9|  |0.000
1|688017|9|  |0.000
1|688018|9|  |0.000
1|688019|9|  |0.000
1|688020|9|  |0.000
1|688021|9|  |0.000
1|688022|9|  |0.000
1|688023|9|  |0.000
1|688025|9|  |0.000
1|688026|9|  |0.000
1|688027|9|  |0.000
1|688028|9|  |0.000
1|688029|9|  |0.000
1|688030|9|  |0.000
1|688033|9|  |0.000
1|688036|9|  |0.000
1|688037|9|  |0.000
1|688039|9|  |0.000
1|688050|9|  |0.000
1|688051|9|  |0.000
1|688055|9|  |0.000
1|688056|9|  |0.000
1|688057|9|  |0.000
1|688058|9|  |0.000
1|688059|9|  |0.000
1|688060|9|  |0.000
1|688063|9|  |0.000
1|688065|9|  |0.000
1|688066|9|  |0.000
1|688067|9|  |0.000
1|688068|9|  |0.000
1|688069|9|  |0.000
1|688070|9|  |0.000
1|688076|9|  |0.000
1|688077|9|  |0.000
1|688078|9|  |0.000
1|688079|9|  |0.000
1|688080|9|  |0.000
1|688081|9|  |0.000
1|688083|9|  |0.000
1|688085|9|  |0.000
1|688086|9|  |0.000
1|688087|9|资源回收: 怡球资源  中再资环  赤峰黄金  格林美  |0.000
1|688088|9|  |0.000
1|688089|9|  |0.000
1|688090|9|  |0.000
1|688092|9|  |0.000
1|688093|9|  |0.000
1|688095|9|  |0.000
1|688096|9|  |0.000
1|688097|9|  |0.000
1|688098|9|  |0.000
1|688099|9|  |0.000
1|688100|9|  |0.000
1|688101|9|  |0.000
1|688106|9|  |0.000
1|688108|9|  |0.000
1|688109|9|  |0.000
1|688111|9|  |0.000
1|688113|9|  |0.000
1|688116|9|  |0.000
1|688118|9|  |0.000
1|688122|9|  |0.000
1|688123|9|  |0.000
1|688126|9|  |0.000
1|688127|9|  |0.000
1|688128|9|  |0.000
1|688129|9|  |0.000
1|688131|9|  |0.000
1|688133|9|  |0.000
1|688135|9|  |0.000
1|688136|9|  |0.000
1|688138|9|  |0.000
1|688139|9|  |0.000
1|688155|9|  |0.000
1|688156|9|  |0.000
1|688157|9|  |0.000
1|688158|9|  |0.000
1|688159|9|  |0.000
1|688160|9|  |0.000
1|688161|9|  |0.000
1|688165|9|  |0.000
1|688166|9|  |0.000
1|688168|9|  |0.000
1|688169|9|  |0.000
1|688177|9|  |0.000
1|688178|9|  |0.000
1|688179|9|  |0.000
1|688180|9|  |0.000
1|688181|9|  |0.000
1|688183|9|  |0.000
1|688185|9|  |0.000
1|688186|9|合金材料: 通裕重工  永兴材料  钢研高纳  中信特钢  泰胜风能  中材科技  天顺风能  太钢不锈  金风科技  日月股份  明阳智能  吉鑫科技  沙钢股份  抚顺特钢  中洲特材  博威合金  宜安科技  图南股份  合金投资  中飞股份  欧科亿  福达合金  银邦股份  鄂尔多斯  云海金属  深圳新星  *ST丰华  立中集团  |0.000
1|688188|9|  |0.000
1|688189|9|  |0.000
1|688191|9|  |0.000
1|688195|9|  |0.000
1|688196|9|  |0.000
1|688198|9|  |0.000
1|688199|9|  |0.000
1|688200|9|  |0.000
1|688201|9|  |0.000
1|688202|9|  |0.000
1|688208|9|  |0.000
1|688215|9|  |0.000
1|688216|9|  |0.000
1|688217|9|  |0.000
1|688218|9|  |0.000
1|688219|9|  |0.000
1|688221|9|  |0.000
1|688222|9|  |0.000
1|688226|9|  |0.000
1|688228|9|  |0.000
1|688229|9|  |0.000
1|688233|9|  |0.000
1|688239|9|  |0.000
1|688256|9|  |0.000
1|688258|9|  |0.000
1|688260|9|  |0.000
1|688266|9|  |0.000
1|688268|9|  |0.000
1|688269|9|  |0.000
1|688276|9|  |0.000
1|688277|9|  |0.000
1|688278|9|  |0.000
1|688286|9|  |0.000
1|688288|9|  |0.000
1|688289|9|  |0.000
1|688298|9|  |0.000
1|688299|9|  |0.000
1|688300|9|  |0.000
1|688301|9|  |0.000
1|688305|9|机床: 日发精机  浙海德曼  国盛智科  海天精工  华中数控  华辰装备  ST沈机  秦川机床  华东数控  宇晶股份  维宏股份  青海华鼎  |0.000
1|688308|9|  |0.000
1|688309|9|  |0.000
1|688310|9|  |0.000
1|688311|9|  |0.000
1|688312|9|  |0.000
1|688313|9|  |0.000
1|688314|9|  |0.000
1|688315|9|  |0.000
1|688316|9|  |0.000
1|688317|9|  |0.000
1|688318|9|  |0.000
1|688319|9|  |0.000
1|688321|9|  |0.000
1|688323|9|  |0.000
1|688328|9|  |0.000
1|688329|9|  |0.000
1|688330|9|  |0.000
1|688333|9|  |0.000
1|688335|9|  |0.000
1|688336|9|  |0.000
1|688338|9|  |0.000
1|688339|9|  |0.000
1|688345|9|  |0.000
1|688350|9|  |0.000
1|688355|9|  |0.000
1|688356|9|  |0.000
1|688357|9|  |0.000
1|688358|9|  |0.000
1|688359|9|  |0.000
1|688360|9|  |0.000
1|688363|9|  |0.000
1|688365|9|  |0.000
1|688366|9|  |0.000
1|688367|9|  |0.000
1|688368|9|  |0.000
1|688369|9|  |0.000
1|688377|9|  |0.000
1|688378|9|  |0.000
1|688379|9|  |0.000
1|688383|9|  |0.000
1|688386|9|  |0.000
1|688388|9|  |0.000
1|688389|9|  |0.000
1|688390|9|  |0.000
1|688393|9|  |0.000
1|688395|9|  |0.000
1|688396|9|  |0.000
1|688398|9|  |0.000
1|688399|9|  |0.000
1|688408|9|  |0.000
1|688418|9|  |0.000
1|688425|9|  |0.000
1|688456|9|  |0.000
1|688466|9|  |0.000
1|688468|9|  |0.000
1|688488|9|  |0.000
1|688499|9|  |0.000
1|688500|9|  |0.000
1|688505|9|  |0.000
1|688508|9|  |0.000
1|688510|9|  |0.000
1|688513|9|  |0.000
1|688516|9|  |0.000
1|688517|9|  |0.000
1|688518|9|  |0.000
1|688519|9|  |0.000
1|688520|9|  |0.000
1|688521|9|  |0.000
1|688526|9|  |0.000
1|688528|9|  |0.000
1|688529|9|  |0.000
1|688533|9|  |0.000
1|688536|9|  |0.000
1|688538|9|  |0.000
1|688550|9|  |0.000
1|688551|9|  |0.000
1|688555|9|  |0.000
1|688556|9|  |0.000
1|688557|9|  |0.000
1|688558|9|  |0.000
1|688559|9|  |0.000
1|688560|9|  |0.000
1|688561|9|  |0.000
1|688565|9|  |0.000
1|688566|9|  |0.000
1|688567|9|  |0.000
1|688568|9|  |0.000
1|688569|9|  |0.000
1|688571|9|  |0.000
1|688575|9|  |0.000
1|688577|9|  |0.000
1|688578|9|  |0.000
1|688579|9|  |0.000
1|688580|9|  |0.000
1|688585|9|  |0.000
1|688586|9|  |0.000
1|688588|9|  |0.000
1|688589|9|  |0.000
1|688590|9|  |0.000
1|688595|9|  |0.000
1|688596|9|  |0.000
1|688597|9|  |0.000
1|688598|9|  |0.000
1|688599|9|  |0.000
1|688600|9|  |0.000
1|688601|9|  |0.000
1|688606|9|  |0.000
1|688607|9|  |0.000
1|688608|9|  |0.000
1|688609|9|  |0.000
1|688611|9|  |0.000
1|688613|9|  |0.000
1|688616|9|  |0.000
1|688617|9|  |0.000
1|688618|9|  |0.000
1|688619|9|  |0.000
1|688621|9|  |0.000
1|688625|9|  |0.000
1|688626|9|  |0.000
1|688628|9|  |0.000
1|688630|9|  |0.000
1|688633|9|  |0.000
1|688636|9|  |0.000
1|688639|9|  |0.000
1|688655|9|  |0.000
1|688656|9|  |0.000
1|688658|9|  |0.000
1|688659|9|  |0.000
1|688660|9|  |0.000
1|688661|9|  |0.000
1|688662|9|  |0.000
1|688663|9|  |0.000
1|688665|9|  |0.000
1|688667|9|  |0.000
1|688668|9|  |0.000
1|688669|9|  |0.000
1|688676|9|  |0.000
1|688677|9|  |0.000
1|688678|9|  |0.000
1|688679|9|  |0.000
1|688680|9|  |0.000
1|688681|9|  |0.000
1|688682|9|  |0.000
1|688683|9|  |0.000
1|688685|9|  |0.000
1|688686|9|  |0.000
1|688687|9|  |0.000
1|688688|9|  |0.000
1|688689|9|  |0.000
1|688690|9|  |0.000
1|688696|9|  |0.000
1|688698|9|  |0.000
1|688699|9|  |0.000
1|688700|9|  |0.000
1|688777|9|  |0.000
1|688788|9|  |0.000
1|688789|9|  |0.000
1|688819|9|  |0.000
1|688981|9|  |0.000
1|689009|9|  |0.000
0|002740|9|  |0.000
0|002793|9|  |0.000
0|000912|9|  |0.000
0|002388|9|  |0.000
0|002605|9|  |0.000
0|002774|9|  |0.000
0|002090|9|  |0.000
0|002822|9|  |0.000
0|002288|9|  |0.000
0|002902|9|  |0.000
0|002123|9|  |0.000
0|002442|9|  |0.000
0|000038|9|  |0.000
0|000571|9|  |0.000
0|000607|9|  |0.000
0|002684|9|  |0.000
0|000738|9|  |0.000
0|000816|9|  |0.000
0|002531|9|  |0.000
0|000728|9|  |0.000
0|002642|9|  |0.000
0|002432|9|  |0.000
0|002205|9|  |0.000
0|002933|9|  |0.000
0|002726|9|  |0.000
0|002015|9|  |0.000
0|002645|9|  |0.000
0|000422|9|  |0.000
0|002367|9|  |0.000
0|000953|9|  |0.000
0|002484|9|  |0.000
0|000961|9|  |0.000
0|002089|9|  |0.000
0|002798|9|  |0.000
0|002058|9|  |0.000
0|002669|9|  |0.000
0|000566|9|  |0.000
0|002084|9|  |0.000
0|002422|9|  |0.000
0|002511|9|  |0.000
0|002282|9|  |0.000
0|002527|9|  |0.000
0|002802|9|  |0.000
0|002235|9|  |0.000
0|002870|9|  |0.000
0|002202|9|  |0.000
0|002679|9|  |0.000
0|000963|9|  |0.000
0|000948|9|  |0.000
0|002586|9|  |0.000
0|002606|9|  |0.000
0|002787|9|  |0.000
0|002407|9|  |0.000
0|002371|9|  |0.000
0|000876|9|  |0.000
0|002773|9|  |0.000
0|002356|9|  |0.000
0|002054|9|  |0.000
0|000526|9|  |0.000
0|002589|9|  |0.000
0|002539|9|  |0.000
0|000971|9|  |0.000
0|002139|9|  |0.000
0|002512|9|  |0.000
0|002387|9|  |0.000
0|002611|9|  |0.000
0|002918|9|  |0.000
0|000962|9|  |0.000
0|002759|9|  |0.000
0|000918|9|  |0.000
0|002395|9|  |0.000
0|002770|9|  |0.000
0|000981|9|  |0.000
0|002068|9|  |0.000
0|002373|9|  |0.000
0|000596|9|  |0.000
0|000823|9|  |0.000
0|002079|9|  |0.000
0|002477|9|  |0.000
0|002138|9|  |0.000
0|002273|9|  |0.000
0|002915|9|  |0.000
0|002835|9|  |0.000
0|002318|9|  |0.000
0|002464|9|  |0.000
0|002220|9|  |0.000
0|002434|9|  |0.000
0|002795|9|  |0.000
0|002482|9|  |0.000
0|002120|9|  |0.000
0|000901|9|  |0.000
0|002681|9|  |0.000
0|002347|9|  |0.000
0|002193|9|  |0.000
0|000568|9|  |0.000
0|002457|9|  |0.000
0|002689|9|  |0.000
0|000670|9|  |0.000
0|002390|9|  |0.000
0|002236|9|  |0.000
0|002885|9|  |0.000
0|002144|9|  |0.000
0|002301|9|  |0.000
0|002819|9|  |0.000
0|002496|9|  |0.000
0|002475|9|  |0.000
0|002177|9|  |0.000
0|002817|9|  |0.000
0|002757|9|  |0.000
0|000707|9|  |0.000
0|000860|9|  |0.000
0|002766|9|  |0.000
0|002111|9|  |0.000
0|002383|9|  |0.000
0|000776|9|  |0.000
0|000062|9|  |0.000
0|002048|9|  |0.000
0|002143|9|  |0.000
0|002022|9|  |0.000
0|002901|9|  |0.000
0|000018|9|  |0.000
0|002846|9|  |0.000
0|000513|9|  |0.000
0|002415|9|  |0.000
0|002881|9|  |0.000
0|002618|9|  |0.000
0|002147|9|  |0.000
0|002040|9|  |0.000
0|002849|9|  |0.000
0|002348|9|  |0.000
0|002190|9|  |0.000
0|000713|9|  |0.000
0|002651|9|  |0.000
0|000976|9|  |0.000
0|002418|9|  |0.000
0|000905|9|  |0.000
0|002801|9|  |0.000
0|002895|9|  |0.000
0|002182|9|  |0.000
0|002483|9|  |0.000
0|000429|9|  |0.000
0|000416|9|  |0.000
0|002012|9|  |0.000
0|002180|9|  |0.000
0|002856|9|  |0.000
0|000806|9|  |0.000
0|002647|9|  |0.000
0|002232|9|  |0.000
0|002723|9|  |0.000
0|000718|9|  |0.000
0|002607|9|  |0.000
0|002516|9|  |0.000
0|002420|9|  |0.000
0|002122|9|  |0.000
0|000911|9|  |0.000
0|000760|9|  |0.000
0|002712|9|  |0.000
0|002811|9|  |0.000
0|002333|9|  |0.000
0|000697|9|  |0.000
0|002916|9|  |0.000
0|002410|9|  |0.000
0|000733|9|  |0.000
0|000626|9|  |0.000
0|002506|9|  |0.000
0|002872|9|  |0.000
0|002549|9|  |0.000
0|000028|9|  |0.000
0|002064|9|  |0.000
0|002253|9|  |0.000
0|002297|9|  |0.000
0|002515|9|  |0.000
0|002296|9|  |0.000
0|002381|9|  |0.000
0|002908|9|  |0.000
0|002049|9|  |0.000
0|002631|9|  |0.000
0|002858|9|  |0.000
0|000637|9|  |0.000
0|000732|9|  |0.000
0|002836|9|  |0.000
0|002231|9|  |0.000
0|002380|9|  |0.000
0|000893|9|  |0.000
0|002035|9|  |0.000
0|002650|9|  |0.000
0|000533|9|  |0.000
0|002861|9|  |0.000
0|002294|9|  |0.000
0|002332|9|  |0.000
0|002592|9|  |0.000
0|000851|9|  |0.000
0|000417|9|  |0.000
0|002696|9|  |0.000
0|002038|9|  |0.000
0|000678|9|  |0.000
0|000833|9|  |0.000
0|002551|9|  |0.000
0|002616|9|  |0.000
0|000155|9|  |0.000
0|002196|9|  |0.000
0|002249|9|  |0.000
0|002014|9|  |0.000
0|002520|9|  |0.000
0|002622|9|  |0.000
0|002052|9|  |0.000
0|002722|9|  |0.000
0|002006|9|  |0.000
0|002119|9|  |0.000
0|002909|9|  |0.000
0|002777|9|  |0.000
0|000608|9|  |0.000
0|000551|9|  |0.000
0|002922|9|  |0.000
0|002258|9|  |0.000
0|002878|9|  |0.000
0|002711|9|  |0.000
0|002215|9|  |0.000
0|002441|9|  |0.000
0|000768|9|  |0.000
0|002088|9|  |0.000
0|000856|9|  |0.000
0|002690|9|  |0.000
0|002259|9|  |0.000
0|002677|9|  |0.000
0|000567|9|  |0.000
0|002724|9|  |0.000
0|000661|9|  |0.000
0|000756|9|  |0.000
0|002550|9|  |0.000
0|002623|9|  |0.000
0|002265|9|  |0.000
0|002389|9|  |0.000
0|002649|9|  |0.000
0|002838|9|  |0.000
0|002409|9|  |0.000
0|002893|9|  |0.000
0|002446|9|  |0.000
0|000938|9|  |0.000
0|000858|9|  |0.000
0|002338|9|  |0.000
0|002664|9|  |0.000
0|000615|9|  |0.000
0|000688|9|  |0.000
0|002691|9|  |0.000
0|000090|9|  |0.000
0|000791|9|  |0.000
0|000523|9|  |0.000
0|002336|9|  |0.000
0|002050|9|  |0.000
0|002501|9|  |0.000
0|000681|9|  |0.000
0|002151|9|  |0.000
0|002156|9|  |0.000
0|002928|9|  |0.000
0|002397|9|  |0.000
0|002244|9|  |0.000
0|000403|9|  |0.000
0|002115|9|  |0.000
0|002667|9|  |0.000
0|000099|9|  |0.000
0|002471|9|  |0.000
0|000949|9|  |0.000
0|002897|9|  |0.000
0|002316|9|  |0.000
0|002093|9|  |0.000
0|002845|9|  |0.000
0|002366|9|  |0.000
0|002076|9|  |0.000
0|002023|9|  |0.000
0|002132|9|  |0.000
0|002467|9|  |0.000
0|000701|9|  |0.000
0|002386|9|  |0.000
0|002213|9|  |0.000
0|002153|9|  |0.000
0|000021|9|  |0.000
0|002398|9|  |0.000
0|002210|9|  |0.000
0|002005|9|  |0.000
0|002046|9|  |0.000
0|002625|9|  |0.000
0|000737|9|  |0.000
0|000504|9|  |0.000
0|002847|9|  |0.000
0|000881|9|  |0.000
0|000519|9|  |0.000
0|002357|9|  |0.000
0|002130|9|  |0.000
0|002489|9|  |0.000
0|000622|9|  |0.000
0|002850|9|  |0.000
0|002021|9|  |0.000
0|002808|9|  |0.000
0|002725|9|  |0.000
0|002454|9|  |0.000
0|002013|9|  |0.000
0|002763|9|  |0.000
0|002816|9|  |0.000
0|002170|9|  |0.000
0|000902|9|  |0.000
0|002771|9|  |0.000
0|002113|9|  |0.000
0|002334|9|  |0.000
0|000506|9|  |0.000
0|002161|9|  |0.000
0|002637|9|  |0.000
0|000521|9|  |0.000
0|000301|9|  |0.000
0|002879|9|  |0.000
0|002117|9|  |0.000
0|002824|9|  |0.000
0|000089|9|  |0.000
0|002134|9|  |0.000
0|002223|9|  |0.000
0|002129|9|  |0.000
0|000565|9|  |0.000
0|002593|9|  |0.000
0|000968|9|  |0.000
0|000430|9|  |0.000
0|002917|9|  |0.000
0|000606|9|  |0.000
0|002216|9|  |0.000
0|000990|9|  |0.000
0|002935|9|  |0.000
0|002166|9|  |0.000
0|002227|9|  |0.000
0|002890|9|  |0.000
0|002261|9|  |0.000
0|000016|9|  |0.000
0|002600|9|  |0.000
0|002608|9|  |0.000
0|002614|9|  |0.000
0|002629|9|  |0.000
0|002031|9|  |0.000
0|002240|9|  |0.000
0|000752|9|  |0.000
0|002029|9|  |0.000
0|000820|9|  |0.000
0|002339|9|  |0.000
0|002393|9|  |0.000
0|001979|9|  |0.000
0|002011|9|  |0.000
0|000060|9|  |0.000
0|002175|9|  |0.000
0|002661|9|  |0.000
0|000561|9|  |0.000
0|002693|9|  |0.000
0|002009|9|  |0.000
0|002575|9|  |0.000
0|002313|9|  |0.000
0|000586|9|  |0.000
0|002692|9|  |0.000
0|002813|9|  |0.000
0|000623|9|  |0.000
0|002194|9|  |0.000
0|002876|9|  |0.000
0|000069|9|  |0.000
0|002855|9|  |0.000
0|002028|9|  |0.000
0|002533|9|  |0.000
0|000411|9|  |0.000
0|002008|9|  |0.000
0|002929|9|  |0.000
0|002923|9|  |0.000
0|002391|9|  |0.000
0|000777|9|  |0.000
0|002500|9|  |0.000
0|002034|9|  |0.000
0|000665|9|  |0.000
0|000868|9|  |0.000
0|002772|9|  |0.000
0|000811|9|  |0.000
0|002508|9|  |0.000
0|002564|9|  |0.000
0|002448|9|  |0.000
0|002837|9|  |0.000
0|001965|9|  |0.000
0|002047|9|  |0.000
0|002453|9|  |0.000
0|002363|9|  |0.000
0|002429|9|  |0.000
0|000685|9|  |0.000
0|002753|9|  |0.000
0|002171|9|  |0.000
0|002714|9|  |0.000
0|002707|9|  |0.000
0|002400|9|  |0.000
0|002314|9|  |0.000
0|000888|9|  |0.000
0|000801|9|  |0.000
0|000931|9|  |0.000
0|002306|9|  |0.000
0|002292|9|  |0.000
0|002080|9|  |0.000
0|002417|9|  |0.000
0|002806|9|  |0.000
0|002597|9|  |0.000
0|002218|9|  |0.000
0|002951|9|  |0.000
0|002281|9|  |0.000
0|002948|9|  |0.000
0|000753|9|  |0.000
0|002823|9|  |0.000
0|002271|9|  |0.000
0|000793|9|  |0.000
0|002581|9|  |0.000
0|000611|9|  |0.000
0|000651|9|  |0.000
0|002447|9|  |0.000
0|002162|9|  |0.000
0|002632|9|  |0.000
0|000671|9|  |0.000
0|000985|9|  |0.000
0|002055|9|  |0.000
0|002280|9|  |0.000
0|002833|9|  |0.000
0|000423|9|  |0.000
0|002672|9|  |0.000
0|000010|9|  |0.000
0|002025|9|  |0.000
0|000838|9|  |0.000
0|002109|9|  |0.000
0|002437|9|  |0.000
0|002092|9|  |0.000
0|002755|9|  |0.000
0|000886|9|  |0.000
0|000652|9|  |0.000
0|000691|9|  |0.000
0|002295|9|  |0.000
0|002609|9|  |0.000
0|002528|9|  |0.000
0|002544|9|  |0.000
0|002652|9|  |0.000
0|000836|9|  |0.000
0|000589|9|  |0.000
0|000620|9|  |0.000
0|000755|9|  |0.000
0|002709|9|  |0.000
0|002542|9|  |0.000
0|002499|9|  |0.000
0|002778|9|  |0.000
0|002103|9|  |0.000
0|002275|9|  |0.000
0|000001|9|  |0.000
0|002248|9|  |0.000
0|000828|9|  |0.000
0|000757|9|  |0.000
0|002082|9|  |0.000
0|002480|9|  |0.000
0|002579|9|  |0.000
0|002831|9|  |0.000
0|002329|9|  |0.000
0|000166|9|  |0.000
0|000750|9|  |0.000
0|002826|9|  |0.000
0|002585|9|  |0.000
0|002169|9|  |0.000
0|002163|9|  |0.000
0|000516|9|  |0.000
0|000553|9|  |0.000
0|002779|9|  |0.000
0|002556|9|  |0.000
0|002030|9|  |0.000
0|000498|9|  |0.000
0|002094|9|  |0.000
0|002571|9|  |0.000
0|002319|9|  |0.000
0|002468|9|  |0.000
0|002719|9|  |0.000
0|002125|9|  |0.000
0|000910|9|  |0.000
0|002083|9|  |0.000
0|000829|9|  |0.000
0|000731|9|  |0.000
0|002866|9|  |0.000
0|000151|9|  |0.000
0|002026|9|  |0.000
0|000554|9|  |0.000
0|002907|9|  |0.000
0|002882|9|  |0.000
0|002620|9|  |0.000
0|002322|9|  |0.000
0|002743|9|  |0.000
0|002096|9|  |0.000
0|002514|9|  |0.000
0|002059|9|  |0.000
0|002532|9|  |0.000
0|000676|9|  |0.000
0|000788|9|  |0.000
0|002481|9|  |0.000
0|002485|9|  |0.000
0|000796|9|  |0.000
0|002439|9|  |0.000
0|000410|9|  |0.000
0|000821|9|  |0.000
0|002930|9|  |0.000
0|002104|9|  |0.000
0|002734|9|  |0.000
0|002583|9|  |0.000
0|002317|9|  |0.000
0|002518|9|  |0.000
0|002612|9|  |0.000
0|002698|9|  |0.000
0|000400|9|  |0.000
0|002241|9|  |0.000
0|002713|9|  |0.000
0|000048|9|  |0.000
0|002254|9|  |0.000
0|000039|9|  |0.000
0|002862|9|  |0.000
0|002262|9|  |0.000
0|000617|9|  |0.000
0|000977|9|  |0.000
0|000034|9|  |0.000
0|000525|9|  |0.000
0|000333|9|  |0.000
0|002674|9|  |0.000
0|002880|9|  |0.000
0|002657|9|  |0.000
0|002884|9|  |0.000
0|002825|9|  |0.000
0|002790|9|  |0.000
0|002769|9|  |0.000
0|002767|9|  |0.000
0|002750|9|  |0.000
0|002749|9|  |0.000
0|002718|9|  |0.000
0|002717|9|  |0.000
0|002703|9|  |0.000
0|002687|9|  |0.000
0|002685|9|  |0.000
0|002675|9|  |0.000
0|002673|9|  |0.000
0|002663|9|  |0.000
0|002660|9|  |0.000
0|002656|9|  |0.000
0|002655|9|  |0.000
0|002654|9|  |0.000
0|002646|9|  |0.000
0|002588|9|  |0.000
0|002578|9|  |0.000
0|002577|9|  |0.000
0|002574|9|  |0.000
0|002566|9|  |0.000
0|002563|9|  |0.000
0|002553|9|  |0.000
0|002545|9|  |0.000
0|002536|9|  |0.000
0|002521|9|  |0.000
0|002492|9|  |0.000
0|002476|9|  |0.000
0|002469|9|  |0.000
0|002452|9|  |0.000
0|002450|9|  |0.000
0|002445|9|  |0.000
0|002443|9|  |0.000
0|002427|9|  |0.000
0|002421|9|  |0.000
0|002413|9|  |0.000
0|002404|9|  |0.000
0|002402|9|  |0.000
0|002392|9|  |0.000
0|002375|9|  |0.000
0|002372|9|  |0.000
0|002351|9|  |0.000
0|002350|9|  |0.000
0|002345|9|  |0.000
0|002337|9|  |0.000
0|002323|9|  |0.000
0|002320|9|  |0.000
0|002312|9|  |0.000
0|002309|9|  |0.000
0|002308|9|  |0.000
0|002305|9|  |0.000
0|002304|9|  |0.000
0|002303|9|  |0.000
0|002298|9|  |0.000
0|002284|9|  |0.000
0|002224|9|  |0.000
0|002209|9|  |0.000
0|002208|9|  |0.000
0|002186|9|  |0.000
0|002185|9|  |0.000
0|002145|9|  |0.000
0|002133|9|  |0.000
0|002127|9|  |0.000
0|002126|9|  |0.000
0|002107|9|  |0.000
0|002106|9|  |0.000
0|002102|9|  |0.000
0|002101|9|  |0.000
0|002095|9|  |0.000
0|002078|9|  |0.000
0|002073|9|  |0.000
0|002072|9|  |0.000
0|002066|9|  |0.000
0|002065|9|  |0.000
0|002018|9|  |0.000
0|000983|9|  |0.000
0|000972|9|  |0.000
0|000950|9|  |0.000
0|000937|9|  |0.000
0|000922|9|  |0.000
0|000913|9|  |0.000
0|000903|9|  |0.000
0|000889|9|  |0.000
0|000883|9|  |0.000
0|000875|9|  |0.000
0|000850|9|  |0.000
0|000837|9|  |0.000
0|000822|9|  |0.000
0|000809|9|  |0.000
0|000807|9|  |0.000
0|000798|9|  |0.000
0|000722|9|  |0.000
0|000719|9|  |0.000
0|000705|9|  |0.000
0|000686|9|  |0.000
0|000683|9|  |0.000
0|000668|9|  |0.000
0|000667|9|  |0.000
0|000650|9|  |0.000
0|000635|9|  |0.000
0|000629|9|  |0.000
0|000595|9|  |0.000
0|000584|9|  |0.000
0|000581|9|  |0.000
0|000557|9|  |0.000
0|000528|9|  |0.000
0|000338|9|  |0.000
0|000068|9|  |0.000
0|000065|9|  |0.000
0|000061|9|  |0.000
0|000046|9|  |0.000
0|000029|9|  |0.000
0|000019|9|  |0.000
0|000002|9|  |0.000
0|002956|9|  |0.000
0|002729|9|  |0.000
0|002940|9|  |0.000
0|002892|9|  |0.000
0|002883|9|  |0.000
0|002829|9|  |0.000
0|000988|9|  |0.000
0|002287|9|  |0.000
0|002899|9|  |0.000
0|002039|9|  |0.000
0|002912|9|  |0.000
0|002857|9|  |0.000
0|002412|9|  |0.000
0|002820|9|  |0.000
0|000666|9|  |0.000
0|002493|9|  |0.000
0|002741|9|  |0.000
0|002222|9|  |0.000
0|000597|9|  |0.000
0|002812|9|  |0.000
0|000628|9|  |0.000
0|000004|9|  |0.000
0|000032|9|  |0.000
0|002364|9|  |0.000
0|002293|9|  |0.000
0|000735|9|  |0.000
0|002411|9|  |0.000
0|002158|9|  |0.000
0|002561|9|  |0.000
0|002238|9|  |0.000
0|000063|9|  |0.000
0|002730|9|  |0.000
0|000402|9|  |0.000
0|002267|9|  |0.000
0|002573|9|  |0.000
0|002529|9|  |0.000
0|000736|9|  |0.000
0|000026|9|  |0.000
0|000502|9|  |0.000
0|002627|9|  |0.000
0|002382|9|  |0.000
0|002598|9|  |0.000
0|000045|9|  |0.000
0|000926|9|  |0.000
0|002137|9|  |0.000
0|002152|9|  |0.000
0|002449|9|  |0.000
0|002459|9|  |0.000
0|002797|9|  |0.000
0|002455|9|  |0.000
0|000507|9|  |0.000
0|000037|9|  |0.000
0|002739|9|  |0.000
0|002634|9|  |0.000
0|002781|9|  |0.000
0|002587|9|  |0.000
0|002745|9|  |0.000
0|002335|9|  |0.000
0|000978|9|  |0.000
0|002839|9|  |0.000
0|000541|9|  |0.000
0|000150|9|  |0.000
0|002688|9|  |0.000
0|002538|9|  |0.000
0|002628|9|  |0.000
0|000802|9|  |0.000
0|002936|9|  |0.000
0|002543|9|  |0.000
0|000739|9|  |0.000
0|002291|9|  |0.000
0|002045|9|  |0.000
0|002036|9|  |0.000
0|002913|9|  |0.000
0|002927|9|  |0.000
0|002815|9|  |0.000
0|000715|9|  |0.000
0|002671|9|  |0.000
0|002465|9|  |0.000
0|002105|9|  |0.000
0|002807|9|  |0.000
0|002121|9|  |0.000
0|002358|9|  |0.000
0|000819|9|  |0.000
0|000421|9|  |0.000
0|002344|9|  |0.000
0|002326|9|  |0.000
0|002435|9|  |0.000
0|002727|9|  |0.000
0|002100|9|  |0.000
0|000530|9|  |0.000
0|000778|9|  |0.000
0|002821|9|  |0.000
0|000563|9|  |0.000
0|002949|9|  |0.000
0|002519|9|  |0.000
0|000404|9|  |0.000
0|002255|9|  |0.000
0|002063|9|  |0.000
0|002016|9|  |0.000
0|002748|9|  |0.000
0|000721|9|  |0.000
0|000790|9|  |0.000
0|002474|9|  |0.000
0|002328|9|  |0.000
0|000933|9|  |0.000
0|000825|9|  |0.000
0|002017|9|  |0.000
0|002788|9|  |0.000
0|000538|9|  |0.000
0|002075|9|  |0.000
0|000415|9|  |0.000
0|002491|9|  |0.000
0|002283|9|  |0.000
0|002087|9|  |0.000
0|002943|9|  |0.000
0|000965|9|  |0.000
0|002051|9|  |0.000
0|002659|9|  |0.000
0|002178|9|  |0.000
0|000407|9|  |0.000
0|002195|9|  |0.000
0|000909|9|  |0.000
0|002327|9|  |0.000
0|002243|9|  |0.000
0|002086|9|  |0.000
0|000898|9|  |0.000
0|000759|9|  |0.000
0|000780|9|  |0.000
0|000555|9|  |0.000
0|002507|9|  |0.000
0|002444|9|  |0.000
0|002396|9|  |0.000
0|002535|9|  |0.000
0|002644|9|  |0.000
0|002324|9|  |0.000
0|002198|9|  |0.000
0|002635|9|  |0.000
0|002173|9|  |0.000
0|002643|9|  |0.000
0|002486|9|  |0.000
0|000537|9|  |0.000
0|002277|9|  |0.000
0|001872|9|  |0.000
0|000025|9|  |0.000
0|002067|9|  |0.000
0|002869|9|  |0.000
0|002886|9|  |0.000
0|000712|9|  |0.000
0|002118|9|  |0.000
0|002619|9|  |0.000
0|000789|9|  |0.000
0|002785|9|  |0.000
0|002495|9|  |0.000
0|002154|9|  |0.000
0|000975|9|  |0.000
0|000059|9|  |0.000
0|002060|9|  |0.000
0|002572|9|  |0.000
0|002097|9|  |0.000
0|002207|9|  |0.000
0|002033|9|  |0.000
0|002670|9|  |0.000
0|000639|9|  |0.000
0|000989|9|  |0.000
0|002568|9|  |0.000
0|002638|9|  |0.000
0|002498|9|  |0.000
0|000709|9|  |0.000
0|002557|9|  |0.000
0|000428|9|  |0.000
0|002352|9|  |0.000
0|002848|9|  |0.000
0|000070|9|  |0.000
0|002762|9|  |0.000
0|002919|9|  |0.000
0|000880|9|  |0.000
0|002091|9|  |0.000
0|002896|9|  |0.000
0|000088|9|  |0.000
0|002135|9|  |0.000
0|000890|9|  |0.000
0|002903|9|  |0.000
0|002217|9|  |0.000
0|002503|9|  |0.000
0|000552|9|  |0.000
0|002473|9|  |0.000
0|002226|9|  |0.000
0|002559|9|  |0.000
0|000919|9|  |0.000
0|002081|9|  |0.000
0|002840|9|  |0.000
0|002438|9|  |0.000
0|002230|9|  |0.000
0|002290|9|  |0.000
0|002269|9|  |0.000
0|002362|9|  |0.000
0|000413|9|  |0.000
0|000887|9|  |0.000
0|002565|9|  |0.000
0|002889|9|  |0.000
0|002394|9|  |0.000
0|002830|9|  |0.000
0|000014|9|  |0.000
0|002228|9|  |0.000
0|002786|9|  |0.000
0|000967|9|  |0.000
0|002176|9|  |0.000
0|000726|9|  |0.000
0|000908|9|  |0.000
0|002179|9|  |0.000
0|000630|9|  |0.000
0|002423|9|  |0.000
0|000897|9|  |0.000
0|000419|9|  |0.000
0|000598|9|  |0.000
0|002666|9|  |0.000
0|002891|9|  |0.000
0|002742|9|  |0.000
0|002490|9|  |0.000
0|002653|9|  |0.000
0|002621|9|  |0.000
0|002758|9|  |0.000
0|002181|9|  |0.000
0|002791|9|  |0.000
0|000599|9|  |0.000
0|002853|9|  |0.000
0|000017|9|  |0.000
0|000590|9|  |0.000
0|002353|9|  |0.000
0|002488|9|  |0.000
0|002184|9|  |0.000
0|000792|9|  |0.000
0|000585|9|  |0.000
0|002461|9|  |0.000
0|002602|9|  |0.000
0|002534|9|  |0.000
0|000056|9|  |0.000
0|000960|9|  |0.000
0|002007|9|  |0.000
0|000799|9|  |0.000
0|002906|9|  |0.000
0|000848|9|  |0.000
0|002245|9|  |0.000
0|000156|9|  |0.000
0|002487|9|  |0.000
0|000012|9|  |0.000
0|002187|9|  |0.000
0|002780|9|  |0.000
0|002168|9|  |0.000
0|002697|9|  |0.000
0|000153|9|  |0.000
0|002211|9|  |0.000
0|002148|9|  |0.000
0|000532|9|  |0.000
0|002200|9|  |0.000
0|000982|9|  |0.000
0|002926|9|  |0.000
0|000885|9|  |0.000
0|000786|9|  |0.000
0|000539|9|  |0.000
0|002942|9|  |0.000
0|000698|9|  |0.000
0|002044|9|  |0.000
0|002369|9|  |0.000
0|000572|9|  |0.000
0|002406|9|  |0.000
0|000605|9|  |0.000
0|002206|9|  |0.000
0|000785|9|  |0.000
0|002408|9|  |0.000
0|000559|9|  |0.000
0|002376|9|  |0.000
0|000993|9|  |0.000
0|002062|9|  |0.000
0|002349|9|  |0.000
0|000703|9|  |0.000
0|002596|9|  |0.000
0|002560|9|  |0.000
0|000915|9|  |0.000
0|000716|9|  |0.000
0|002950|9|  |0.000
0|002343|9|  |0.000
0|002721|9|  |0.000
0|002732|9|  |0.000
0|000930|9|  |0.000
0|002576|9|  |0.000
0|002792|9|  |0.000
0|002239|9|  |0.000
0|000009|9|  |0.000
0|002610|9|  |0.000
0|002530|9|  |0.000
0|000632|9|  |0.000
0|002580|9|  |0.000
0|000006|9|  |0.000
0|000725|9|  |0.000
0|002695|9|  |0.000
0|002300|9|  |0.000
0|002472|9|  |0.000
0|000673|9|  |0.000
0|000708|9|  |0.000
0|002069|9|  |0.000
0|002221|9|  |0.000
0|002873|9|  |0.000
0|002346|9|  |0.000
0|002342|9|  |0.000
0|002615|9|  |0.000
0|000863|9|  |0.000
0|000959|9|  |0.000
0|002436|9|  |0.000
0|000636|9|  |0.000
0|000751|9|  |0.000
0|002502|9|  |0.000
0|002851|9|  |0.000
0|002497|9|  |0.000
0|002925|9|  |0.000
0|002665|9|  |0.000
0|002584|9|  |0.000
0|000720|9|  |0.000
0|002599|9|  |0.000
0|002676|9|  |0.000
0|002911|9|  |0.000
0|000766|9|  |0.000
0|002279|9|  |0.000
0|002728|9|  |0.000
0|000633|9|  |0.000
0|002165|9|  |0.000
0|002379|9|  |0.000
0|000570|9|  |0.000
0|002032|9|  |0.000
0|002479|9|  |0.000
0|002414|9|  |0.000
0|002852|9|  |0.000
0|000826|9|  |0.000
0|002752|9|  |0.000
0|002024|9|  |0.000
0|000998|9|  |0.000
0|000612|9|  |0.000
0|000591|9|  |0.000
0|000031|9|  |0.000
0|000627|9|  |0.000
0|002462|9|  |0.000
0|002004|9|  |0.000
0|000900|9|  |0.000
0|000547|9|  |0.000
0|002541|9|  |0.000
0|002268|9|  |0.000
0|000690|9|  |0.000
0|002355|9|  |0.000
0|000659|9|  |0.000
0|002590|9|  |0.000
0|002715|9|  |0.000
0|000631|9|  |0.000
0|000662|9|  |0.000
0|000710|9|  |0.000
0|002630|9|  |0.000
0|002285|9|  |0.000
0|002124|9|  |0.000
0|002219|9|  |0.000
0|002365|9|  |0.000
0|002613|9|  |0.000
0|002546|9|  |0.000
0|002384|9|  |0.000
0|002256|9|  |0.000
0|000536|9|  |0.000
0|000761|9|  |0.000
0|002098|9|  |0.000
0|000835|9|  |0.000
0|000023|9|  |0.000
0|000695|9|  |0.000
0|000980|9|  |0.000
0|002765|9|  |0.000
0|000042|9|  |0.000
0|000782|9|  |0.000
0|002636|9|  |0.000
0|002424|9|  |0.000
0|000157|9|  |0.000
0|002818|9|  |0.000
0|002510|9|  |0.000
0|000973|9|  |0.000
0|002361|9|  |0.000
0|002494|9|  |0.000
0|000800|9|  |0.000
0|002639|9|  |0.000
0|002203|9|  |0.000
0|000861|9|  |0.000
0|000049|9|  |0.000
0|000158|9|  |0.000
0|002360|9|  |0.000
0|002307|9|  |0.000
0|000657|9|  |0.000
0|000420|9|  |0.000
0|000839|9|  |0.000
0|000593|9|  |0.000
0|002946|9|  |0.000
0|000899|9|  |0.000
0|002737|9|  |0.000
0|002898|9|  |0.000
0|000783|9|  |0.000
0|002426|9|  |0.000
0|002405|9|  |0.000
0|000545|9|  |0.000
0|000055|9|  |0.000
0|000663|9|  |0.000
0|002159|9|  |0.000
0|000564|9|  |0.000
0|000700|9|  |0.000
0|000882|9|  |0.000
0|000534|9|  |0.000
0|002433|9|  |0.000
0|002331|9|  |0.000
0|002569|9|  |0.000
0|000546|9|  |0.000
0|002843|9|  |0.000
0|000862|9|  |0.000
0|000027|9|  |0.000
0|000935|9|  |0.000
0|002859|9|  |0.000
0|002701|9|  |0.000
0|002140|9|  |0.000
0|002799|9|  |0.000
0|002302|9|  |0.000
0|002796|9|  |0.000
0|002554|9|  |0.000
0|002157|9|  |0.000
0|002340|9|  |0.000
0|002160|9|  |0.000
0|002266|9|  |0.000
0|000066|9|  |0.000
0|002760|9|  |0.000
0|000043|9|  |0.000
0|000917|9|  |0.000
0|002141|9|  |0.000
0|002197|9|  |0.000
0|000524|9|  |0.000
0|000518|9|  |0.000
0|000425|9|  |0.000
0|002183|9|  |0.000
0|000543|9|  |0.000
0|000682|9|  |0.000
0|000587|9|  |0.000
0|000996|9|  |0.000
0|002504|9|  |0.000
0|000520|9|  |0.000
0|000810|9|  |0.000
0|000952|9|  |0.000
0|002900|9|  |0.000
0|000969|9|  |0.000
0|002368|9|  |0.000
0|002809|9|  |0.000
0|002683|9|  |0.000
0|000548|9|  |0.000
0|002264|9|  |0.000
0|000058|9|  |0.000
0|000573|9|  |0.000
0|000100|9|  |0.000
0|002864|9|  |0.000
0|000619|9|  |0.000
0|000955|9|  |0.000
0|002603|9|  |0.000
0|002555|9|  |0.000
0|000007|9|  |0.000
0|002374|9|  |0.000
0|002003|9|  |0.000
0|000923|9|  |0.000
0|002027|9|  |0.000
0|002952|9|  |0.000
0|002921|9|  |0.000
0|002325|9|  |0.000
0|002247|9|  |0.000
0|002425|9|  |0.000
0|002782|9|  |0.000
0|000426|9|  |0.000
0|002633|9|  |0.000
0|000852|9|  |0.000
0|002958|9|  |0.000
0|002524|9|  |0.000
0|000672|9|  |0.000
0|002252|9|  |0.000
0|000878|9|  |0.000
0|000616|9|  |0.000
0|002019|9|  |0.000
0|000687|9|  |0.000
0|002251|9|  |0.000
0|000560|9|  |0.000
0|000540|9|  |0.000
0|002466|9|  |0.000
0|000929|9|  |0.000
0|001696|9|  |0.000
0|002947|9|  |0.000
0|002419|9|  |0.000
0|002108|9|  |0.000
0|000501|9|  |0.000
0|000096|9|  |0.000
0|000762|9|  |0.000
0|000582|9|  |0.000
0|002905|9|  |0.000
0|002274|9|  |0.000
0|002074|9|  |0.000
0|002640|9|  |0.000
0|000729|9|  |0.000
0|002128|9|  |0.000
0|002403|9|  |0.000
0|002694|9|  |0.000
0|002270|9|  |0.000
0|002939|9|  |0.000
0|000505|9|  |0.000
0|002042|9|  |0.000
0|002131|9|  |0.000
0|000767|9|  |0.000
0|002540|9|  |0.000
0|001896|9|  |0.000
0|000797|9|  |0.000
0|002225|9|  |0.000
0|000030|9|  |0.000
0|002071|9|  |0.000
0|002456|9|  |0.000
0|002937|9|  |0.000
0|002910|9|  |0.000
0|000813|9|  |0.000
0|000159|9|  |0.000
0|000997|9|  |0.000
0|002716|9|  |0.000
0|002842|9|  |0.000
0|000625|9|  |0.000
0|000529|9|  |0.000
0|002558|9|  |0.000
0|002428|9|  |0.000
0|000609|9|  |0.000
0|000078|9|  |0.000
0|002155|9|  |0.000
0|002416|9|  |0.000
0|000951|9|  |0.000
0|000050|9|  |0.000
0|002188|9|  |0.000
0|002868|9|  |0.000
0|002460|9|  |0.000
0|002706|9|  |0.000
0|002756|9|  |0.000
0|000503|9|  |0.000
0|002733|9|  |0.000
0|000859|9|  |0.000
0|002953|9|  |0.000
0|002286|9|  |0.000
0|002686|9|  |0.000
0|002229|9|  |0.000
0|002451|9|  |0.000
0|000830|9|  |0.000
0|000927|9|  |0.000
0|002212|9|  |0.000
0|002562|9|  |0.000
0|002678|9|  |0.000
0|000610|9|  |0.000
0|002867|9|  |0.000
0|002378|9|  |0.000
0|000928|9|  |0.000
0|000795|9|  |0.000
0|000488|9|  |0.000
0|002938|9|  |0.000
0|000920|9|  |0.000
0|002768|9|  |0.000
0|002002|9|  |0.000
0|002053|9|  |0.000
0|002827|9|  |0.000
0|002359|9|  |0.000
0|002399|9|  |0.000
0|000005|9|  |0.000
0|002920|9|  |0.000
0|002783|9|  |0.000
0|000936|9|  |0.000
0|000517|9|  |0.000
0|000008|9|  |0.000
0|002736|9|  |0.000
0|002311|9|  |0.000
0|002150|9|  |0.000
0|000895|9|  |0.000
0|000040|9|  |0.000
0|002463|9|  |0.000
0|002299|9|  |0.000
0|002377|9|  |0.000
0|002001|9|  |0.000
0|000727|9|  |0.000
0|000603|9|  |0.000
0|000717|9|  |0.000
0|002114|9|  |0.000
0|000711|9|  |0.000
0|002865|9|  |0.000
0|002877|9|  |0.000
0|002941|9|  |0.000
0|000815|9|  |0.000
0|002043|9|  |0.000
0|002548|9|  |0.000
0|000601|9|  |0.000
0|002440|9|  |0.000
0|002310|9|  |0.000
0|002931|9|  |0.000
0|002863|9|  |0.000
0|002841|9|  |0.000
0|002567|9|  |0.000
0|002233|9|  |0.000
0|000509|9|  |0.000
0|002624|9|  |0.000
0|002116|9|  |0.000
0|002570|9|  |0.000
0|000600|9|  |0.000
0|000932|9|  |0.000
0|002385|9|  |0.000
0|002626|9|  |0.000
0|000680|9|  |0.000
0|002146|9|  |0.000
0|002699|9|  |0.000
0|002513|9|  |0.000
0|002509|9|  |0.000
0|000906|9|  |0.000
0|002061|9|  |0.000
0|002522|9|  |0.000
0|002110|9|  |0.000
0|002315|9|  |0.000
0|002601|9|  |0.000
0|002505|9|  |0.000
0|000544|9|  |0.000
0|000531|9|  |0.000
0|002751|9|  |0.000
0|002517|9|  |0.000
0|000558|9|  |0.000
0|000020|9|  |0.000
0|002547|9|  |0.000
0|002470|9|  |0.000
0|002617|9|  |0.000
0|000613|9|  |0.000
0|002708|9|  |0.000
0|000702|9|  |0.000
0|002641|9|  |0.000
0|002020|9|  |0.000
0|002662|9|  |0.000
0|002172|9|  |0.000
0|002214|9|  |0.000
0|002085|9|  |0.000
0|002594|9|  |0.000
0|002167|9|  |0.000
0|000758|9|  |0.000
0|002341|9|  |0.000
0|000957|9|  |0.000
0|002526|9|  |0.000
0|002276|9|  |0.000
0|002828|9|  |0.000
0|002189|9|  |0.000
0|000576|9|  |0.000
0|000723|9|  |0.000
0|002761|9|  |0.000
0|002164|9|  |0.000
0|002702|9|  |0.000
0|000011|9|  |0.000
0|002738|9|  |0.000
0|002192|9|  |0.000
0|000510|9|  |0.000
0|002668|9|  |0.000
0|002537|9|  |0.000
0|002430|9|  |0.000
0|000692|9|  |0.000
0|002242|9|  |0.000
0|002595|9|  |0.000
0|000987|9|  |0.000
0|002747|9|  |0.000
0|002700|9|  |0.000
0|000970|9|  |0.000
0|002201|9|  |0.000
0|000592|9|  |0.000
0|000669|9|  |0.000
0|000036|9|  |0.000
0|002250|9|  |0.000
0|002776|9|  |0.000
0|002523|9|  |0.000
0|002136|9|  |0.000
0|000408|9|  |0.000
0|002735|9|  |0.000
0|002354|9|  |0.000
0|002199|9|  |0.000
0|002932|9|  |0.000
0|000812|9|  |0.000
0|002272|9|  |0.000
0|002648|9|  |0.000
0|002142|9|  |0.000
0|000656|9|  |0.000
0|000803|9|  |0.000
0|002955|9|  |0.000
0|000677|9|  |0.000
0|000921|9|  |0.000
0|000638|9|  |0.000
0|002789|9|  |0.000
0|002246|9|  |0.000
0|002204|9|  |0.000
0|002057|9|  |0.000
0|000877|9|  |0.000
0|002658|9|  |0.000
0|002458|9|  |0.000
0|002321|9|  |0.000
0|002810|9|  |0.000
0|002099|9|  |0.000
0|002077|9|  |0.000
0|002887|9|  |0.000
0|002582|9|  |0.000
0|002237|9|  |0.000
0|002289|9|  |0.000
0|002431|9|  |0.000
0|000958|9|  |0.000
0|002041|9|  |0.000
0|002871|9|  |0.000
0|002552|9|  |0.000
0|000514|9|  |0.000
0|000779|9|  |0.000
0|002775|9|  |0.000
0|000925|9|  |0.000
0|002746|9|  |0.000
0|002234|9|  |0.000
0|002832|9|  |0.000
0|002112|9|  |0.000
0|000869|9|  |0.000
0|002056|9|  |0.000
0|000831|9|  |0.000
0|002478|9|  |0.000
0|000999|9|  |0.000
0|000409|9|  |0.000
0|002401|9|  |0.000
0|002191|9|  |0.000
0|000966|9|  |0.000
0|002705|9|  |0.000
0|002800|9|  |0.000
0|000550|9|  |0.000
0|002805|9|  |0.000
0|002591|9|  |0.000
0|002945|9|  |0.000
0|000655|9|  |0.000
0|000035|9|  |0.000
0|000679|9|  |0.000
0|002370|9|  |0.000
0|002174|9|  |0.000
0|000892|9|  |0.000
0|002731|9|  |0.000
0|002010|9|  |0.000
0|002037|9|  |0.000
0|002263|9|  |0.000
0|002875|9|  |0.000
0|002278|9|  |0.000
0|000818|9|  |0.000
0|000401|9|  |0.000
0|002149|9|  |0.000
0|002330|9|  |0.000
0|002888|9|  |0.000
0|002682|9|  |0.000
0|002803|9|  |0.000
0|002860|9|  |0.000
0|002966|9|  |0.000
0|002957|9|  |0.000
0|002680|9|  |0.000
0|002604|9|  |0.000
0|002260|9|  |0.000
0|000995|9|  |0.000
0|000939|9|  |0.000
0|002959|9|  |0.000
0|002960|9|  |0.000
0|003816|9|  |0.000
0|002961|9|  |0.000
0|002962|9|  |0.000
0|002963|9|  |0.000
0|002965|9|  |0.000
0|002967|9|  |0.000
0|002968|9|  |0.000
0|002969|9|  |0.000
0|002970|9|  |0.000
0|002971|9|  |0.000
0|002972|9|  |0.000
0|001914|9|  |0.000
0|002973|9|  |0.000
0|002975|9|  |0.000
0|002976|9|  |0.000
0|002977|9|  |0.000
0|002978|9|  |0.000
0|002979|9|  |0.000
0|002980|9|  |0.000
0|002982|9|  |0.000
0|002981|9|  |0.000
0|002985|9|  |0.000
0|002983|9|  |0.000
0|002987|9|  |0.000
0|002986|9|  |0.000
0|002988|9|  |0.000
0|002989|9|  |0.000
0|002990|9|  |0.000
0|002992|9|  |0.000
0|002991|9|  |0.000
0|002995|9|  |0.000
0|002993|9|  |0.000
0|002996|9|  |0.000
0|002999|9|  |0.000
0|002998|9|  |0.000
0|002997|9|  |0.000
0|002984|9|  |0.000
0|003001|9|  |0.000
0|003000|9|  |0.000
0|003002|9|  |0.000
0|003006|9|  |0.000
0|003005|9|  |0.000
0|003003|9|  |0.000
0|003010|9|  |0.000
0|003009|9|  |0.000
0|003008|9|  |0.000
0|003007|9|  |0.000
0|003011|9|  |0.000
0|003012|9|  |0.000
0|003015|9|  |0.000
0|003013|9|  |0.000
0|003016|9|  |0.000
0|003017|9|  |0.000
0|003018|9|  |0.000
0|003019|9|  |0.000
0|003020|9|  |0.000
0|003004|9|  |0.000
0|002720|9|  |0.000
0|002710|9|  |0.000
0|003021|9|  |0.000
0|003022|9|  |0.000
0|003025|9|  |0.000
0|003023|9|  |0.000
0|003027|9|  |0.000
0|003026|9|  |0.000
0|003029|9|  |0.000
0|003028|9|  |0.000
0|003031|9|  |0.000
0|003030|9|  |0.000
0|003033|9|  |0.000
0|003032|9|  |0.000
0|003035|9|  |0.000
0|003036|9|  |0.000
0|003037|9|  |0.000
0|003038|9|  |0.000
0|003039|9|  |0.000
0|003040|9|  |0.000
0|003042|9|  |0.000
0|003041|9|  |0.000
0|003043|9|  |0.000
0|001201|9|  |0.000
0|001202|9|  |0.000
0|001203|9|  |0.000
0|001205|9|  |0.000
0|001206|9|  |0.000
0|001208|9|  |0.000
0|001207|9|  |0.000
