0|300001|7|  |0.000
0|300002|7|  |0.000
0|300003|7|  |0.000
0|300004|7|  |0.000
0|300005|7|  |0.000
0|300006|7|  |0.000
0|300007|7|  |0.000
0|300008|7|  |0.000
0|300009|7|  |0.000
0|300010|7|  |0.000
0|300011|7|  |0.000
0|300012|7|  |0.000
0|300013|7|  |0.000
0|300014|7|  |0.000
0|300015|7|  |0.000
0|300016|7|  |0.000
0|300017|7|  |0.000
0|300018|7|  |0.000
0|300019|7|  |0.000
0|300020|7|  |0.000
0|300021|7|  |0.000
0|300022|7|  |0.000
0|300023|7|  |0.000
0|300024|7|  |0.000
0|300025|7|  |0.000
0|300026|7|  |0.000
0|300027|7|  |0.000
0|300028|7|  |0.000
0|300029|7|  |0.000
0|300030|7|  |0.000
0|300031|7|  |0.000
0|300032|7|  |0.000
0|300033|7|  |0.000
0|300034|7|  |0.000
0|300035|7|  |0.000
0|300036|7|  |0.000
0|300037|7|  |0.000
0|300038|7|  |0.000
0|300039|7|  |0.000
0|300040|7|  |0.000
0|300041|7|  |0.000
0|300042|7|  |0.000
0|300043|7|  |0.000
0|300044|7|  |0.000
0|300045|7|  |0.000
0|300046|7|  |0.000
0|300047|7|  |0.000
0|300048|7|  |0.000
0|300049|7|  |0.000
0|300050|7|  |0.000
0|300051|7|  |0.000
0|300052|7|  |0.000
0|300053|7|  |0.000
0|300054|7|  |0.000
0|300055|7|  |0.000
0|300056|7|  |0.000
0|300057|7|  |0.000
0|300058|7|  |0.000
0|300059|7|  |0.000
0|300061|7|  |0.000
0|300062|7|  |0.000
0|300063|7|  |0.000
0|300064|7|  |0.000
0|300065|7|  |0.000
0|300066|7|  |0.000
0|300067|7|  |0.000
0|300068|7|  |0.000
0|300069|7|  |0.000
0|300070|7|  |0.000
0|300071|7|  |0.000
0|300072|7|  |0.000
0|300073|7|  |0.000
0|300074|7|  |0.000
0|300075|7|  |0.000
0|300076|7|  |0.000
0|300077|7|  |0.000
0|300078|7|  |0.000
0|300079|7|  |0.000
0|300080|7|  |0.000
0|300081|7|  |0.000
0|300082|7|  |0.000
0|300083|7|  |0.000
0|300084|7|  |0.000
0|300085|7|  |0.000
0|300086|7|  |0.000
0|300087|7|  |0.000
0|300088|7|  |0.000
0|300089|7|  |0.000
0|300090|7|  |0.000
0|300091|7|  |0.000
0|300092|7|  |0.000
0|300093|7|  |0.000
0|300094|7|  |0.000
0|300095|7|  |0.000
0|300096|7|  |0.000
0|300097|7|  |0.000
0|300098|7|  |0.000
0|300099|7|  |0.000
0|300100|7|  |0.000
0|300101|7|  |0.000
0|300102|7|  |0.000
0|300103|7|  |0.000
0|300104|7|  |0.000
0|300105|7|  |0.000
0|300106|7|  |0.000
0|300107|7|  |0.000
0|300108|7|  |0.000
0|300109|7|  |0.000
0|300110|7|  |0.000
0|300111|7|  |0.000
0|300112|7|  |0.000
0|300113|7|  |0.000
0|300114|7|  |0.000
0|300115|7|  |0.000
0|300116|7|  |0.000
0|300117|7|  |0.000
0|300118|7|  |0.000
0|300119|7|  |0.000
0|300120|7|  |0.000
0|300121|7|  |0.000
0|300122|7|  |0.000
0|300123|7|  |0.000
0|300124|7|  |0.000
0|300125|7|  |0.000
0|300126|7|  |0.000
0|300127|7|  |0.000
0|300128|7|  |0.000
0|300129|7|  |0.000
0|300130|7|  |0.000
0|300131|7|  |0.000
0|300132|7|  |0.000
0|300133|7|  |0.000
0|300134|7|  |0.000
0|300135|7|  |0.000
0|300136|7|  |0.000
0|300137|7|  |0.000
0|300138|7|  |0.000
0|300139|7|  |0.000
0|300140|7|  |0.000
0|300141|7|  |0.000
0|300142|7|  |0.000
0|300143|7|  |0.000
0|300144|7|  |0.000
0|300145|7|  |0.000
0|300146|7|  |0.000
0|300147|7|  |0.000
0|300148|7|  |0.000
0|300149|7|  |0.000
0|300150|7|  |0.000
0|300151|7|  |0.000
0|300152|7|  |0.000
0|300153|7|  |0.000
0|300154|7|  |0.000
0|300155|7|  |0.000
0|300156|7|  |0.000
0|300157|7|  |0.000
0|300158|7|  |0.000
0|300159|7|  |0.000
0|300160|7|  |0.000
0|300161|7|  |0.000
0|300162|7|  |0.000
0|300163|7|  |0.000
0|300164|7|  |0.000
0|300165|7|  |0.000
0|300166|7|  |0.000
0|300167|7|  |0.000
0|300168|7|  |0.000
0|300169|7|  |0.000
0|300170|7|  |0.000
0|300171|7|  |0.000
0|300172|7|  |0.000
0|300173|7|  |0.000
0|300174|7|  |0.000
0|300175|7|  |0.000
0|300176|7|  |0.000
0|300177|7|  |0.000
0|300178|7|  |0.000
0|300179|7|  |0.000
0|300180|7|  |0.000
0|300181|7|  |0.000
0|300182|7|  |0.000
0|300183|7|  |0.000
0|300184|7|  |0.000
0|300185|7|  |0.000
0|300187|7|  |0.000
0|300188|7|  |0.000
0|300189|7|  |0.000
0|300190|7|  |0.000
0|300191|7|  |0.000
0|300192|7|  |0.000
0|300193|7|  |0.000
0|300194|7|  |0.000
0|300195|7|  |0.000
0|300196|7|  |0.000
0|300197|7|  |0.000
0|300198|7|  |0.000
0|300199|7|  |0.000
0|300200|7|  |0.000
0|300201|7|  |0.000
0|300202|7|  |0.000
0|300203|7|  |0.000
0|300204|7|  |0.000
0|300205|7|  |0.000
0|300206|7|  |0.000
0|300207|7|  |0.000
0|300208|7|  |0.000
0|300209|7|  |0.000
0|300210|7|  |0.000
0|300211|7|  |0.000
0|300212|7|  |0.000
0|300213|7|  |0.000
0|300214|7|  |0.000
0|300215|7|  |0.000
0|300216|7|  |0.000
0|300217|7|  |0.000
0|300218|7|  |0.000
0|300219|7|  |0.000
0|300220|7|  |0.000
0|300221|7|  |0.000
0|300222|7|  |0.000
0|300223|7|  |0.000
0|300224|7|  |0.000
0|300225|7|  |0.000
0|300226|7|  |0.000
0|300227|7|  |0.000
0|300228|7|  |0.000
0|300229|7|  |0.000
0|300230|7|  |0.000
0|300231|7|  |0.000
0|300232|7|  |0.000
0|300233|7|  |0.000
0|300234|7|  |0.000
0|300235|7|  |0.000
0|300236|7|  |0.000
0|300237|7|  |0.000
0|300238|7|  |0.000
0|300239|7|  |0.000
0|300240|7|  |0.000
0|300241|7|  |0.000
0|300242|7|  |0.000
0|300243|7|  |0.000
0|300244|7|  |0.000
0|300245|7|  |0.000
0|300246|7|  |0.000
0|300247|7|  |0.000
0|300248|7|  |0.000
0|300249|7|  |0.000
0|300250|7|  |0.000
0|300251|7|  |0.000
0|300252|7|  |0.000
0|300253|7|  |0.000
0|300254|7|  |0.000
0|300255|7|  |0.000
0|300256|7|  |0.000
0|300257|7|  |0.000
0|300258|7|  |0.000
0|300259|7|  |0.000
0|300260|7|  |0.000
0|300261|7|  |0.000
0|300262|7|  |0.000
0|300263|7|  |0.000
0|300264|7|  |0.000
0|300265|7|  |0.000
0|300266|7|  |0.000
0|300267|7|  |0.000
0|300268|7|三文鱼龙头  |0.000
0|300269|7|  |0.000
0|300270|7|  |0.000
0|300271|7|  |0.000
0|300272|7|  |0.000
0|300273|7|  |0.000
0|300274|7|  |0.000
0|300275|7|  |0.000
0|300276|7|  |0.000
0|300277|7|  |0.000
0|300278|7|  |0.000
0|300279|7|  |0.000
0|300280|7|  |0.000
0|300281|7|  |0.000
0|300282|7|  |0.000
0|300283|7|  |0.000
0|300284|7|  |0.000
0|300285|7|  |0.000
0|300286|7|  |0.000
0|300287|7|  |0.000
0|300288|7|  |0.000
0|300289|7|  |0.000
0|300290|7|  |0.000
0|300291|7|  |0.000
0|300292|7|  |0.000
0|300293|7|  |0.000
0|300294|7|  |0.000
0|300295|7|  |0.000
0|300296|7|  |0.000
0|300297|7|  |0.000
0|300298|7|  |0.000
0|300299|7|  |0.000
0|300300|7|  |0.000
0|300301|7|  |0.000
0|300302|7|  |0.000
0|300303|7|  |0.000
0|300304|7|  |0.000
0|300305|7|  |0.000
0|300306|7|  |0.000
0|300307|7|  |0.000
0|300308|7|  |0.000
0|300309|7|  |0.000
0|300310|7|  |0.000
0|300311|7|  |0.000
0|300312|7|  |0.000
0|300313|7|  |0.000
0|300314|7|  |0.000
0|300315|7|  |0.000
0|300316|7|  |0.000
0|300317|7|  |0.000
0|300318|7|  |0.000
0|300319|7|  |0.000
0|300320|7|  |0.000
0|300321|7|  |0.000
0|300322|7|  |0.000
0|300323|7|  |0.000
0|300324|7|  |0.000
0|300325|7|  |0.000
0|300326|7|  |0.000
0|300327|7|  |0.000
0|300328|7|  |0.000
0|300329|7|  |0.000
0|300330|7|  |0.000
0|300331|7|  |0.000
0|300332|7|  |0.000
0|300333|7|  |0.000
0|300334|7|  |0.000
0|300335|7|  |0.000
0|300336|7|  |0.000
0|300337|7|  |0.000
0|300338|7|  |0.000
0|300339|7|  |0.000
0|300340|7|  |0.000
0|300341|7|  |0.000
0|300342|7|  |0.000
0|300343|7|  |0.000
0|300344|7|  |0.000
0|300345|7|  |0.000
0|300346|7|  |0.000
0|300347|7|  |0.000
0|300348|7|  |0.000
0|300349|7|  |0.000
0|300350|7|  |0.000
0|300351|7|  |0.000
0|300352|7|  |0.000
0|300353|7|  |0.000
0|300354|7|  |0.000
0|300355|7|  |0.000
0|300356|7|  |0.000
0|300357|7|  |0.000
0|300358|7|  |0.000
0|300359|7|  |0.000
0|300360|7|  |0.000
0|300362|7|  |0.000
0|300363|7|  |0.000
0|300364|7|  |0.000
0|300365|7|  |0.000
0|300366|7|  |0.000
0|300367|7|  |0.000
0|300368|7|  |0.000
0|300369|7|  |0.000
0|300370|7|  |0.000
0|300371|7|  |0.000
0|300373|7|  |0.000
0|300374|7|  |0.000
0|300375|7|  |0.000
0|300376|7|  |0.000
0|300377|7|  |0.000
0|300378|7|  |0.000
0|300379|7|  |0.000
0|300380|7|  |0.000
0|300381|7|  |0.000
0|300382|7|  |0.000
0|300383|7|  |0.000
0|300384|7|  |0.000
0|300385|7|  |0.000
0|300386|7|  |0.000
0|300387|7|  |0.000
0|300388|7|  |0.000
0|300389|7|  |0.000
0|300390|7|  |0.000
0|300391|7|  |0.000
0|300392|7|  |0.000
0|300393|7|  |0.000
0|300394|7|  |0.000
0|300395|7|  |0.000
0|300396|7|  |0.000
0|300397|7|  |0.000
0|300398|7|  |0.000
0|300399|7|  |0.000
0|300400|7|  |0.000
0|300401|7|  |0.000
0|300402|7|  |0.000
0|300403|7|  |0.000
0|300404|7|  |0.000
0|300405|7|  |0.000
0|300406|7|  |0.000
0|300407|7|  |0.000
0|300408|7|  |0.000
0|300409|7|  |0.000
0|300410|7|  |0.000
0|300411|7|  |0.000
0|300412|7|  |0.000
0|300413|7|  |0.000
0|300414|7|  |0.000
0|300415|7|  |0.000
0|300416|7|  |0.000
0|300417|7|  |0.000
0|300418|7|  |0.000
0|300419|7|  |0.000
0|300420|7|  |0.000
0|300421|7|  |0.000
0|300422|7|  |0.000
0|300423|7|  |0.000
0|300424|7|  |0.000
0|300425|7|  |0.000
0|300426|7|  |0.000
0|300427|7|  |0.000
0|300428|7|  |0.000
0|300429|7|  |0.000
0|300430|7|  |0.000
0|300431|7|  |0.000
0|300432|7|  |0.000
0|300433|7|  |0.000
0|300434|7|  |0.000
0|300435|7|  |0.000
0|300436|7|  |0.000
0|300437|7|  |0.000
0|300438|7|  |0.000
0|300439|7|  |0.000
0|300440|7|  |0.000
0|300441|7|  |0.000
0|300442|7|  |0.000
0|300443|7|  |0.000
0|300444|7|  |0.000
0|300445|7|  |0.000
0|300446|7|  |0.000
0|300447|7|  |0.000
0|300448|7|  |0.000
0|300449|7|  |0.000
0|300450|7|  |0.000
0|300451|7|  |0.000
0|300452|7|  |0.000
0|300453|7|  |0.000
0|300454|7|  |0.000
0|300455|7|  |0.000
0|300456|7|  |0.000
0|300457|7|  |0.000
0|300458|7|  |0.000
0|300459|7|  |0.000
0|300460|7|  |0.000
0|300461|7|  |0.000
0|300462|7|  |0.000
0|300463|7|  |0.000
0|300464|7|  |0.000
0|300465|7|  |0.000
0|300466|7|  |0.000
0|300467|7|  |0.000
0|300468|7|  |0.000
0|300469|7|  |0.000
0|300470|7|  |0.000
0|300471|7|  |0.000
0|300472|7|  |0.000
0|300473|7|  |0.000
0|300474|7|  |0.000
0|300475|7|  |0.000
0|300476|7|  |0.000
0|300477|7|  |0.000
0|300478|7|  |0.000
0|300479|7|  |0.000
0|300480|7|  |0.000
0|300481|7|  |0.000
0|300482|7|  |0.000
0|300483|7|  |0.000
0|300484|7|  |0.000
0|300485|7|  |0.000
0|300486|7|  |0.000
0|300487|7|  |0.000
0|300488|7|  |0.000
0|300489|7|  |0.000
0|300490|7|  |0.000
0|300491|7|  |0.000
0|300492|7|  |0.000
0|300493|7|  |0.000
0|300494|7|  |0.000
0|300495|7|  |0.000
0|300496|7|  |0.000
0|300497|7|  |0.000
0|300498|7|  |0.000
0|300499|7|  |0.000
0|300500|7|  |0.000
0|300501|7|  |0.000
0|300502|7|  |0.000
0|300503|7|  |0.000
0|300504|7|  |0.000
0|300505|7|  |0.000
0|300506|7|  |0.000
0|300507|7|  |0.000
0|300508|7|  |0.000
0|300509|7|  |0.000
0|300510|7|  |0.000
0|300511|7|  |0.000
0|300512|7|  |0.000
0|300513|7|  |0.000
0|300514|7|  |0.000
0|300515|7|  |0.000
0|300516|7|  |0.000
0|300517|7|  |0.000
0|300518|7|  |0.000
0|300519|7|  |0.000
0|300520|7|  |0.000
0|300521|7|  |0.000
0|300522|7|  |0.000
0|300523|7|  |0.000
0|300525|7|  |0.000
0|300526|7|  |0.000
0|300527|7|  |0.000
0|300528|7|  |0.000
0|300529|7|  |0.000
0|300530|7|  |0.000
0|300531|7|  |0.000
0|300532|7|  |0.000
0|300533|7|  |0.000
0|300534|7|  |0.000
0|300535|7|  |0.000
0|300536|7|  |0.000
0|300537|7|  |0.000
0|300538|7|  |0.000
0|300539|7|  |0.000
0|300540|7|  |0.000
0|300541|7|  |0.000
0|300542|7|  |0.000
0|300543|7|  |0.000
0|300545|7|  |0.000
0|300546|7|  |0.000
0|300547|7|  |0.000
0|300548|7|  |0.000
0|300549|7|  |0.000
0|300550|7|  |0.000
0|300551|7|  |0.000
0|300552|7|  |0.000
0|300553|7|  |0.000
0|300554|7|  |0.000
0|300555|7|  |0.000
0|300556|7|  |0.000
0|300557|7|  |0.000
0|300558|7|  |0.000
0|300559|7|  |0.000
0|300560|7|  |0.000
0|300561|7|  |0.000
0|300562|7|  |0.000
0|300563|7|  |0.000
0|300564|7|  |0.000
0|300565|7|  |0.000
0|300566|7|  |0.000
0|300567|7|  |0.000
0|300568|7|  |0.000
0|300569|7|  |0.000
0|300570|7|  |0.000
0|300571|7|  |0.000
0|300572|7|  |0.000
0|300573|7|  |0.000
0|300575|7|  |0.000
0|300576|7|  |0.000
0|300577|7|  |0.000
0|300578|7|  |0.000
0|300579|7|  |0.000
0|300580|7|  |0.000
0|300581|7|  |0.000
0|300582|7|  |0.000
0|300583|7|  |0.000
0|300584|7|  |0.000
0|300585|7|  |0.000
0|300586|7|  |0.000
0|300587|7|  |0.000
0|300588|7|  |0.000
0|300589|7|  |0.000
0|300590|7|  |0.000
0|300591|7|  |0.000
0|300592|7|  |0.000
0|300593|7|  |0.000
0|300594|7|  |0.000
0|300595|7|  |0.000
0|300596|7|  |0.000
0|300597|7|  |0.000
0|300598|7|  |0.000
0|300599|7|  |0.000
0|300600|7|  |0.000
0|300601|7|  |0.000
0|300602|7|  |0.000
0|300603|7|  |0.000
0|300604|7|  |0.000
0|300605|7|  |0.000
0|300606|7|  |0.000
0|300607|7|  |0.000
0|300608|7|  |0.000
0|300609|7|  |0.000
0|300610|7|  |0.000
0|300611|7|  |0.000
0|300612|7|  |0.000
0|300613|7|  |0.000
0|300614|7|  |0.000
0|300615|7|  |0.000
0|300616|7|  |0.000
0|300617|7|  |0.000
0|300618|7|  |0.000
0|300619|7|  |0.000
0|300620|7|  |0.000
0|300621|7|  |0.000
0|300622|7|  |0.000
0|300623|7|  |0.000
0|300624|7|  |0.000
0|300625|7|  |0.000
0|300626|7|  |0.000
0|300627|7|  |0.000
0|300628|7|  |0.000
0|300629|7|  |0.000
0|300630|7|  |0.000
0|300631|7|  |0.000
0|300632|7|  |0.000
0|300633|7|  |0.000
0|300634|7|  |0.000
0|300635|7|  |0.000
0|300636|7|  |0.000
0|300637|7|  |0.000
0|300638|7|  |0.000
0|300639|7|  |0.000
0|300640|7|  |0.000
0|300641|7|  |0.000
0|300642|7|  |0.000
0|300643|7|tpms  |0.000
0|300644|7|  |0.000
0|300645|7|  |0.000
0|300646|7|  |0.000
0|300647|7|  |0.000
0|300648|7|  |0.000
0|300649|7|  |0.000
0|300650|7|  |0.000
0|300651|7|  |0.000
0|300652|7|  |0.000
0|300653|7|  |0.000
0|300654|7|  |0.000
0|300655|7|  |0.000
0|300656|7|  |0.000
0|300657|7|  |0.000
0|300658|7|  |0.000
0|300659|7|  |0.000
0|300660|7|  |0.000
0|300661|7|  |0.000
0|300662|7|  |0.000
0|300663|7|  |0.000
0|300664|7|  |0.000
0|300665|7|  |0.000
0|300666|7|  |0.000
0|300667|7|  |0.000
0|300668|7|  |0.000
0|300669|7|  |0.000
0|300670|7|  |0.000
0|300671|7|  |0.000
0|300672|7|  |0.000
0|300673|7|  |0.000
0|300674|7|  |0.000
0|300675|7|  |0.000
0|300676|7|  |0.000
0|300677|7|  |0.000
0|300678|7|  |0.000
0|300679|7|  |0.000
0|300680|7|  |0.000
0|300681|7|  |0.000
0|300682|7|  |0.000
0|300683|7|  |0.000
0|300684|7|  |0.000
0|300685|7|  |0.000
0|300686|7|  |0.000
0|300687|7|  |0.000
0|300688|7|  |0.000
0|300689|7|  |0.000
0|300690|7|  |0.000
0|300691|7|  |0.000
0|300692|7|  |0.000
0|300693|7|  |0.000
0|300694|7|  |0.000
0|300695|7|  |0.000
0|300696|7|  |0.000
0|300697|7|  |0.000
0|300698|7|  |0.000
0|300699|7|  |0.000
0|300700|7|  |0.000
0|300701|7|  |0.000
0|300702|7|  |0.000
0|300703|7|  |0.000
0|300705|7|  |0.000
0|300706|7|  |0.000
0|300707|7|  |0.000
0|300708|7|  |0.000
0|300709|7|  |0.000
0|300710|7|  |0.000
0|300711|7|  |0.000
0|300712|7|  |0.000
0|300713|7|  |0.000
0|300715|7|  |0.000
0|300716|7|  |0.000
0|300717|7|  |0.000
0|300718|7|  |0.000
0|300719|7|  |0.000
0|300720|7|  |0.000
0|300721|7|  |0.000
0|300722|7|  |0.000
0|300723|7|  |0.000
0|300724|7|  |0.000
0|300725|7|  |0.000
0|300726|7|  |0.000
0|300727|7|  |0.000
0|300728|7|  |0.000
0|300729|7|  |0.000
0|300730|7|  |0.000
0|300731|7|  |0.000
0|300732|7|  |0.000
0|300733|7|  |0.000
0|300735|7|  |0.000
0|300736|7|  |0.000
0|300737|7|  |0.000
0|300738|7|  |0.000
0|300739|7|  |0.000
0|300740|7|  |0.000
0|300741|7|  |0.000
0|300742|7|  |0.000
0|300743|7|  |0.000
0|300745|7|  |0.000
0|300746|7|  |0.000
0|300747|7|  |0.000
0|300748|7|  |0.000
0|300749|7|  |0.000
0|300750|7|  |0.000
0|300751|7|  |0.000
0|300752|7|  |0.000
0|300753|7|  |0.000
0|300755|7|  |0.000
0|300756|7|  |0.000
0|300757|7|  |0.000
0|300758|7|  |0.000
0|300759|7|  |0.000
0|300760|7|  |0.000
0|300761|7|  |0.000
0|300762|7|  |0.000
0|300763|7|  |0.000
0|300765|7|  |0.000
0|300766|7|  |0.000
0|300767|7|  |0.000
0|300768|7|  |0.000
0|300769|7|  |0.000
0|300770|7|  |0.000
0|300771|7|  |0.000
0|300772|7|  |0.000
0|300773|7|  |0.000
0|300774|7|  |0.000
0|300775|7|  |0.000
0|300776|7|  |0.000
0|300777|7|  |0.000
0|300778|7|  |0.000
0|300779|7|  |0.000
0|300780|7|  |0.000
0|300781|7|  |0.000
0|300782|7|  |0.000
0|300783|7|  |0.000
0|300785|7|  |0.000
0|300786|7|  |0.000
0|300787|7|  |0.000
0|300788|7|  |0.000
0|300789|7|  |0.000
0|300790|7|  |0.000
0|300791|7|  |0.000
0|300792|7|  |0.000
0|300793|7|  |0.000
0|300795|7|  |0.000
0|300796|7|  |0.000
0|300797|7|  |0.000
0|300798|7|  |0.000
0|300799|7|  |0.000
0|300800|7|  |0.000
0|300801|7|  |0.000
0|300802|7|  |0.000
0|300803|7|  |0.000
0|300805|7|  |0.000
0|300806|7|  |0.000
0|300807|7|  |0.000
0|300808|7|  |0.000
0|300809|7|  |0.000
0|300810|7|  |0.000
0|300811|7|  |0.000
0|300812|7|  |0.000
0|300813|7|  |0.000
0|300814|7|  |0.000
0|300815|7|  |0.000
0|300816|7|  |0.000
0|300817|7|  |0.000
0|300818|7|  |0.000
0|300819|7|  |0.000
0|300820|7|  |0.000
0|300821|7|  |0.000
0|300822|7|  |0.000
0|300823|7|  |0.000
0|300824|7|  |0.000
0|300825|7|  |0.000
0|300826|7|  |0.000
0|300827|7|  |0.000
0|300828|7|  |0.000
0|300829|7|  |0.000
0|300830|7|  |0.000
0|300831|7|  |0.000
0|300832|7|  |0.000
0|300833|7|  |0.000
0|300835|7|  |0.000
0|300836|7|  |0.000
0|300837|7|  |0.000
0|300838|7|  |0.000
0|300839|7|  |0.000
0|300840|7|  |0.000
0|300841|7|  |0.000
0|300842|7|  |0.000
0|300843|7|  |0.000
0|300844|7|  |0.000
0|300845|7|  |0.000
0|300846|7|  |0.000
0|300847|7|  |0.000
0|300848|7|  |0.000
0|300849|7|  |0.000
0|300850|7|  |0.000
0|300851|7|  |0.000
0|300852|7|  |0.000
0|300853|7|  |0.000
0|300854|7|  |0.000
0|300855|7|  |0.000
0|300856|7|  |0.000
0|300857|7|  |0.000
0|300858|7|  |0.000
0|300859|7|  |0.000
0|300860|7|  |0.000
0|300861|7|  |0.000
0|300862|7|  |0.000
0|300863|7|  |0.000
0|300864|7|  |0.000
0|300865|7|  |0.000
0|300866|7|  |0.000
0|300867|7|  |0.000
0|300868|7|  |0.000
0|300869|7|  |0.000
0|300870|7|  |0.000
0|300871|7|  |0.000
0|300872|7|  |0.000
0|300873|7|  |0.000
0|300875|7|  |0.000
0|300876|7|  |0.000
0|300877|7|  |0.000
0|300878|7|  |0.000
0|300879|7|  |0.000
0|300880|7|  |0.000
0|300881|7|  |0.000
0|300882|7|  |0.000
0|300883|7|  |0.000
0|300884|7|  |0.000
0|300885|7|  |0.000
0|300886|7|  |0.000
0|300887|7|  |0.000
0|300888|7|  |0.000
0|300889|7|  |0.000
0|300890|7|  |0.000
0|300891|7|  |0.000
0|300892|7|  |0.000
0|300893|7|  |0.000
0|300894|7|  |0.000
0|300895|7|  |0.000
0|300896|7|  |0.000
0|300897|7|  |0.000
0|300898|7|  |0.000
0|300899|7|  |0.000
0|300900|7|  |0.000
0|300901|7|  |0.000
0|300902|7|  |0.000
0|300903|7|  |0.000
0|300905|7|  |0.000
0|300906|7|  |0.000
0|300907|7|  |0.000
0|300908|7|  |0.000
0|300909|7|  |0.000
0|300910|7|  |0.000
0|300911|7|  |0.000
0|300912|7|  |0.000
0|300913|7|  |0.000
0|300915|7|  |0.000
0|300916|7|  |0.000
0|300917|7|  |0.000
0|300918|7|  |0.000
0|300919|7|  |0.000
0|300920|7|  |0.000
0|300921|7|  |0.000
0|300922|7|  |0.000
0|300923|7|  |0.000
0|300925|7|  |0.000
0|300926|7|  |0.000
0|300927|7|  |0.000
0|300928|7|  |0.000
0|300929|7|  |0.000
0|300930|7|  |0.000
0|300931|7|  |0.000
0|300932|7|  |0.000
0|300933|7|  |0.000
0|300935|7|  |0.000
0|300936|7|  |0.000
0|300937|7|  |0.000
0|300938|7|  |0.000
0|300939|7|  |0.000
0|300940|7|  |0.000
0|300941|7|  |0.000
0|300942|7|  |0.000
0|300943|7|  |0.000
0|300945|7|  |0.000
0|300946|7|  |0.000
0|300947|7|  |0.000
0|300948|7|  |0.000
0|300949|7|  |0.000
0|300950|7|  |0.000
0|300951|7|  |0.000
0|300952|7|  |0.000
0|300953|7|  |0.000
0|300955|7|  |0.000
0|300956|7|  |0.000
0|300957|7|  |0.000
0|300958|7|  |0.000
0|300959|7|  |0.000
0|300960|7|  |0.000
0|300961|7|  |0.000
0|300962|7|  |0.000
0|300963|7|  |0.000
0|300964|7|  |0.000
0|300965|7|  |0.000
0|300966|7|  |0.000
0|300967|7|  |0.000
0|300968|7|  |0.000
0|300969|7|  |0.000
0|300970|7|  |0.000
0|300971|7|  |0.000
0|300972|7|  |0.000
0|300973|7|  |0.000
0|300975|7|  |0.000
0|300976|7|  |0.000
0|300977|7|  |0.000
0|300978|7|  |0.000
0|300979|7|  |0.000
0|300980|7|  |0.000
0|300981|7|  |0.000
0|300982|7|  |0.000
0|300983|7|  |0.000
0|300984|7|  |0.000
0|300985|7|  |0.000
0|300986|7|  |0.000
0|300987|7|  |0.000
0|300988|7|  |0.000
0|300989|7|  |0.000
0|300990|7|  |0.000
0|300991|7|  |0.000
0|300992|7|  |0.000
0|300993|7|  |0.000
0|300994|7|  |0.000
0|300995|7|  |0.000
0|300996|7|  |0.000
0|300997|7|  |0.000
0|300998|7|  |0.000
0|300999|7|  |0.000
0|301000|7|  |0.000
0|301001|7|  |0.000
0|301002|7|  |0.000
0|301003|7|  |0.000
0|301004|7|  |0.000
0|301005|7|  |0.000
0|301006|7|  |0.000
0|301007|7|  |0.000
0|301008|7|  |0.000
0|301009|7|  |0.000
0|301010|7|  |0.000
0|301011|7|  |0.000
0|301012|7|  |0.000
0|301013|7|  |0.000
0|301015|7|  |0.000
0|301016|7|  |0.000
0|301017|7|  |0.000
0|301018|7|  |0.000
0|301019|7|  |0.000
0|301020|7|  |0.000
0|301021|7|  |0.000
0|301022|7|  |0.000
0|301023|7|  |0.000
0|301024|7|  |0.000
0|301025|7|  |0.000
0|301026|7|  |0.000
0|301027|7|  |0.000
0|301028|7|  |0.000
0|301029|7|  |0.000
0|301030|7|  |0.000
0|301031|7|  |0.000
0|301032|7|  |0.000
0|301033|7|  |0.000
0|301035|7|  |0.000
0|301036|7|  |0.000
0|301037|7|  |0.000
0|301038|7|  |0.000
0|301039|7|  |0.000
0|301040|7|  |0.000
0|301041|7|  |0.000
0|301042|7|  |0.000
0|301043|7|  |0.000
0|301045|7|  |0.000
0|301046|7|  |0.000
0|301047|7|  |0.000
0|301048|7|  |0.000
0|301049|7|  |0.000
0|301050|7|  |0.000
0|301051|7|  |0.000
0|301052|7|  |0.000
0|301053|7|  |0.000
0|301055|7|  |0.000
0|301056|7|  |0.000
0|301057|7|  |0.000
0|301058|7|  |0.000
0|301059|7|  |0.000
0|301060|7|  |0.000
0|301061|7|  |0.000
0|301062|7|  |0.000
0|301063|7|  |0.000
0|301065|7|  |0.000
0|301066|7|  |0.000
0|301067|7|  |0.000
0|301068|7|  |0.000
0|301069|7|  |0.000
0|301070|7|  |0.000
0|301071|7|  |0.000
0|301072|7|  |0.000
0|301073|7|  |0.000
0|301075|7|  |0.000
0|301076|7|  |0.000
0|301077|7|  |0.000
0|301078|7|  |0.000
0|301079|7|  |0.000
0|301080|7|  |0.000
0|301081|7|  |0.000
0|301082|7|  |0.000
0|301083|7|  |0.000
0|301085|7|  |0.000
0|301086|7|  |0.000
0|301087|7|  |0.000
0|301088|7|  |0.000
0|301089|7|  |0.000
0|301090|7|  |0.000
0|301091|7|  |0.000
0|301092|7|  |0.000
0|301093|7|  |0.000
0|301098|7|  |0.000
0|301099|7|  |0.000
0|301101|7|  |0.000
0|301108|7|  |0.000
0|301111|7|  |0.000
0|301118|7|  |0.000
0|301119|7|  |0.000
0|301126|7|  |0.000
0|301128|7|  |0.000
0|301129|7|  |0.000
0|301133|7|  |0.000
0|301138|7|  |0.000
0|301149|7|  |0.000
0|301155|7|  |0.000
0|301167|7|  |0.000
0|301168|7|  |0.000
0|301169|7|  |0.000
0|301177|7|  |0.000
0|301178|7|  |0.000
0|301179|7|  |0.000
0|301180|7|  |0.000
0|301185|7|  |0.000
0|301188|7|  |0.000
0|301193|7|  |0.000
0|301198|7|  |0.000
0|301199|7|  |0.000
0|301213|7|  |0.000
1|600000|7|  |0.000
1|600004|7|  |0.000
1|600006|7|  |0.000
1|600007|7|  |0.000
1|600008|7|  |0.000
1|600009|7|  |0.000
1|600010|7|  |0.000
1|600011|7|  |0.000
1|600012|7|  |0.000
1|600015|7|  |0.000
1|600016|7|  |0.000
1|600017|7|  |0.000
1|600018|7|  |0.000
1|600019|7|  |0.000
1|600020|7|  |0.000
1|600021|7|  |0.000
1|600022|7|  |0.000
1|600023|7|  |0.000
1|600025|7|  |0.000
1|600026|7|  |0.000
1|600027|7|  |0.000
1|600028|7|  |0.000
1|600029|7|  |0.000
1|600030|7|  |0.000
1|600031|7|  |0.000
1|600032|7|  |0.000
1|600033|7|  |0.000
1|600035|7|  |0.000
1|600036|7|  |0.000
1|600037|7|  |0.000
1|600038|7|  |0.000
1|600039|7|  |0.000
1|600048|7|  |0.000
1|600050|7|  |0.000
1|600051|7|  |0.000
1|600052|7|  |0.000
1|600053|7|  |0.000
1|600054|7|  |0.000
1|600055|7|  |0.000
1|600056|7|  |0.000
1|600057|7|  |0.000
1|600058|7|  |0.000
1|600059|7|  |0.000
1|600060|7|  |0.000
1|600061|7|  |0.000
1|600062|7|  |0.000
1|600063|7|  |0.000
1|600064|7|  |0.000
1|600066|7|  |0.000
1|600067|7|  |0.000
1|600068|7|  |0.000
1|600069|7|  |0.000
1|600070|7|  |0.000
1|600071|7|  |0.000
1|600072|7|  |0.000
1|600073|7|  |0.000
1|600074|7|  |0.000
1|600075|7|  |0.000
1|600076|7|  |0.000
1|600077|7|  |0.000
1|600078|7|  |0.000
1|600079|7|  |0.000
1|600080|7|  |0.000
1|600081|7|  |0.000
1|600082|7|  |0.000
1|600083|7|  |0.000
1|600084|7|  |0.000
1|600085|7|  |0.000
1|600086|7|  |0.000
1|600088|7|  |0.000
1|600089|7|  |0.000
1|600090|7|  |0.000
1|600091|7|  |0.000
1|600093|7|  |0.000
1|600094|7|  |0.000
1|600095|7|  |0.000
1|600096|7|  |0.000
1|600097|7|  |0.000
1|600098|7|  |0.000
1|600099|7|  |0.000
1|600100|7|  |0.000
1|600101|7|  |0.000
1|600103|7|  |0.000
1|600104|7|  |0.000
1|600105|7|  |0.000
1|600106|7|  |0.000
1|600107|7|  |0.000
1|600108|7|  |0.000
1|600109|7|  |0.000
1|600110|7|  |0.000
1|600111|7|  |0.000
1|600112|7|  |0.000
1|600113|7|  |0.000
1|600114|7|  |0.000
1|600115|7|  |0.000
1|600116|7|  |0.000
1|600117|7|  |0.000
1|600118|7|  |0.000
1|600119|7|  |0.000
1|600120|7|  |0.000
1|600121|7|  |0.000
1|600122|7|  |0.000
1|600123|7|  |0.000
1|600125|7|  |0.000
1|600126|7|  |0.000
1|600127|7|  |0.000
1|600128|7|  |0.000
1|600129|7|  |0.000
1|600130|7|  |0.000
1|600131|7|  |0.000
1|600132|7|  |0.000
1|600133|7|  |0.000
1|600135|7|  |0.000
1|600136|7|  |0.000
1|600137|7|  |0.000
1|600138|7|  |0.000
1|600139|7|  |0.000
1|600141|7|  |0.000
1|600143|7|  |0.000
1|600145|7|  |0.000
1|600146|7|  |0.000
1|600148|7|  |0.000
1|600149|7|  |0.000
1|600150|7|  |0.000
1|600151|7|  |0.000
1|600152|7|  |0.000
1|600153|7|  |0.000
1|600155|7|  |0.000
1|600156|7|  |0.000
1|600157|7|  |0.000
1|600158|7|  |0.000
1|600159|7|  |0.000
1|600160|7|  |0.000
1|600161|7|  |0.000
1|600162|7|  |0.000
1|600163|7|  |0.000
1|600165|7|  |0.000
1|600166|7|  |0.000
1|600167|7|  |0.000
1|600168|7|  |0.000
1|600169|7|  |0.000
1|600170|7|  |0.000
1|600171|7|  |0.000
1|600172|7|  |0.000
1|600173|7|  |0.000
1|600175|7|  |0.000
1|600176|7|  |0.000
1|600177|7|  |0.000
1|600178|7|  |0.000
1|600179|7|  |0.000
1|600180|7|  |0.000
1|600182|7|  |0.000
1|600183|7|  |0.000
1|600184|7|  |0.000
1|600185|7|  |0.000
1|600186|7|  |0.000
1|600187|7|  |0.000
1|600188|7|  |0.000
1|600189|7|  |0.000
1|600190|7|  |0.000
1|600191|7|  |0.000
1|600192|7|  |0.000
1|600193|7|  |0.000
1|600195|7|  |0.000
1|600196|7|  |0.000
1|600197|7|  |0.000
1|600198|7|  |0.000
1|600199|7|  |0.000
1|600200|7|  |0.000
1|600201|7|  |0.000
1|600202|7|  |0.000
1|600203|7|  |0.000
1|600206|7|  |0.000
1|600207|7|  |0.000
1|600208|7|  |0.000
1|600209|7|  |0.000
1|600210|7|  |0.000
1|600211|7|  |0.000
1|600212|7|  |0.000
1|600213|7|  |0.000
1|600215|7|  |0.000
1|600216|7|  |0.000
1|600217|7|  |0.000
1|600218|7|  |0.000
1|600219|7|  |0.000
1|600220|7|  |0.000
1|600221|7|  |0.000
1|600222|7|  |0.000
1|600223|7|医美  |0.000
1|600225|7|  |0.000
1|600226|7|  |0.000
1|600227|7|  |0.000
1|600228|7|  |0.000
1|600229|7|  |0.000
1|600230|7|  |0.000
1|600231|7|  |0.000
1|600232|7|  |0.000
1|600233|7|  |0.000
1|600234|7|  |0.000
1|600235|7|  |0.000
1|600236|7|  |0.000
1|600237|7|  |0.000
1|600238|7|  |0.000
1|600239|7|  |0.000
1|600240|7|  |0.000
1|600241|7|  |0.000
1|600242|7|  |0.000
1|600243|7|  |0.000
1|600246|7|  |0.000
1|600247|7|  |0.000
1|600248|7|  |0.000
1|600249|7|  |0.000
1|600250|7|  |0.000
1|600251|7|  |0.000
1|600252|7|  |0.000
1|600255|7|  |0.000
1|600256|7|  |0.000
1|600257|7|  |0.000
1|600258|7|  |0.000
1|600259|7|  |0.000
1|600260|7|  |0.000
1|600261|7|  |0.000
1|600262|7|  |0.000
1|600265|7|  |0.000
1|600266|7|  |0.000
1|600267|7|  |0.000
1|600268|7|  |0.000
1|600269|7|  |0.000
1|600271|7|  |0.000
1|600272|7|  |0.000
1|600273|7|  |0.000
1|600275|7|  |0.000
1|600276|7|  |0.000
1|600277|7|  |0.000
1|600278|7|  |0.000
1|600279|7|  |0.000
1|600280|7|  |0.000
1|600281|7|  |0.000
1|600282|7|  |0.000
1|600283|7|  |0.000
1|600284|7|  |0.000
1|600285|7|  |0.000
1|600287|7|  |0.000
1|600288|7|  |0.000
1|600289|7|  |0.000
1|600290|7|  |0.000
1|600291|7|  |0.000
1|600292|7|  |0.000
1|600293|7|  |0.000
1|600295|7|  |0.000
1|600297|7|  |0.000
1|600298|7|  |0.000
1|600299|7|  |0.000
1|600300|7|  |0.000
1|600301|7|  |0.000
1|600302|7|  |0.000
1|600303|7|  |0.000
1|600305|7|  |0.000
1|600306|7|  |0.000
1|600307|7|  |0.000
1|600308|7|  |0.000
1|600309|7|  |0.000
1|600310|7|  |0.000
1|600311|7|  |0.000
1|600312|7|  |0.000
1|600313|7|  |0.000
1|600315|7|  |0.000
1|600316|7|  |0.000
1|600317|7|  |0.000
1|600318|7|  |0.000
1|600319|7|  |0.000
1|600320|7|  |0.000
1|600321|7|  |0.000
1|600322|7|  |0.000
1|600323|7|  |0.000
1|600325|7|  |0.000
1|600326|7|  |0.000
1|600327|7|  |0.000
1|600328|7|  |0.000
1|600329|7|  |0.000
1|600330|7|  |0.000
1|600331|7|  |0.000
1|600332|7|  |0.000
1|600333|7|  |0.000
1|600335|7|  |0.000
1|600336|7|  |0.000
1|600337|7|  |0.000
1|600338|7|  |0.000
1|600339|7|  |0.000
1|600340|7|  |0.000
1|600343|7|  |0.000
1|600345|7|  |0.000
1|600346|7|  |0.000
1|600348|7|  |0.000
1|600350|7|  |0.000
1|600351|7|  |0.000
1|600352|7|  |0.000
1|600353|7|  |0.000
1|600354|7|  |0.000
1|600355|7|  |0.000
1|600356|7|  |0.000
1|600358|7|  |0.000
1|600359|7|  |0.000
1|600360|7|  |0.000
1|600361|7|  |0.000
1|600362|7|  |0.000
1|600363|7|  |0.000
1|600365|7|  |0.000
1|600366|7|  |0.000
1|600367|7|  |0.000
1|600368|7|  |0.000
1|600369|7|  |0.000
1|600370|7|  |0.000
1|600371|7|  |0.000
1|600372|7|  |0.000
1|600373|7|  |0.000
1|600375|7|  |0.000
1|600376|7|  |0.000
1|600377|7|  |0.000
1|600378|7|  |0.000
1|600379|7|  |0.000
1|600380|7|  |0.000
1|600381|7|  |0.000
1|600382|7|  |0.000
1|600383|7|  |0.000
1|600385|7|  |0.000
1|600386|7|  |0.000
1|600387|7|  |0.000
1|600388|7|  |0.000
1|600389|7|  |0.000
1|600390|7|  |0.000
1|600391|7|  |0.000
1|600392|7|  |0.000
1|600393|7|  |0.000
1|600395|7|  |0.000
1|600396|7|  |0.000
1|600397|7|  |0.000
1|600398|7|  |0.000
1|600399|7|  |0.000
1|600400|7|  |0.000
1|600403|7|  |0.000
1|600405|7|  |0.000
1|600406|7|  |0.000
1|600408|7|  |0.000
1|600409|7|  |0.000
1|600410|7|  |0.000
1|600415|7|  |0.000
1|600416|7|  |0.000
1|600418|7|  |0.000
1|600419|7|  |0.000
1|600420|7|  |0.000
1|600421|7|  |0.000
1|600422|7|  |0.000
1|600423|7|  |0.000
1|600425|7|  |0.000
1|600426|7|  |0.000
1|600428|7|  |0.000
1|600429|7|  |0.000
1|600433|7|  |0.000
1|600435|7|  |0.000
1|600436|7|  |0.000
1|600438|7|  |0.000
1|600439|7|  |0.000
1|600444|7|  |0.000
1|600446|7|  |0.000
1|600448|7|  |0.000
1|600449|7|  |0.000
1|600452|7|  |0.000
1|600455|7|  |0.000
1|600456|7|  |0.000
1|600458|7|  |0.000
1|600459|7|  |0.000
1|600460|7|  |0.000
1|600461|7|  |0.000
1|600462|7|  |0.000
1|600463|7|  |0.000
1|600466|7|  |0.000
1|600467|7|  |0.000
1|600468|7|  |0.000
1|600469|7|  |0.000
1|600470|7|  |0.000
1|600475|7|  |0.000
1|600476|7|  |0.000
1|600477|7|  |0.000
1|600478|7|  |0.000
1|600479|7|  |0.000
1|600480|7|  |0.000
1|600481|7|  |0.000
1|600482|7|  |0.000
1|600483|7|  |0.000
1|600485|7|  |0.000
1|600486|7|  |0.000
1|600487|7|  |0.000
1|600488|7|  |0.000
1|600489|7|  |0.000
1|600490|7|  |0.000
1|600491|7|  |0.000
1|600493|7|  |0.000
1|600495|7|  |0.000
1|600496|7|  |0.000
1|600497|7|  |0.000
1|600498|7|  |0.000
1|600499|7|  |0.000
1|600500|7|  |0.000
1|600501|7|  |0.000
1|600502|7|  |0.000
1|600503|7|  |0.000
1|600505|7|  |0.000
1|600506|7|  |0.000
1|600507|7|  |0.000
1|600508|7|  |0.000
1|600509|7|  |0.000
1|600510|7|  |0.000
1|600511|7|  |0.000
1|600512|7|  |0.000
1|600513|7|  |0.000
1|600515|7|  |0.000
1|600516|7|  |0.000
1|600517|7|  |0.000
1|600518|7|  |0.000
1|600519|7|  |0.000
1|600520|7|  |0.000
1|600521|7|  |0.000
1|600522|7|  |0.000
1|600523|7|  |0.000
1|600525|7|  |0.000
1|600526|7|  |0.000
1|600527|7|  |0.000
1|600528|7|  |0.000
1|600529|7|  |0.000
1|600530|7|  |0.000
1|600531|7|  |0.000
1|600532|7|  |0.000
1|600533|7|  |0.000
1|600535|7|  |0.000
1|600536|7|  |0.000
1|600537|7|  |0.000
1|600538|7|  |0.000
1|600539|7|  |0.000
1|600540|7|  |0.000
1|600543|7|  |0.000
1|600545|7|  |0.000
1|600546|7|  |0.000
1|600547|7|  |0.000
1|600548|7|  |0.000
1|600549|7|  |0.000
1|600550|7|  |0.000
1|600551|7|  |0.000
1|600552|7|  |0.000
1|600555|7|  |0.000
1|600556|7|  |0.000
1|600557|7|  |0.000
1|600558|7|  |0.000
1|600559|7|  |0.000
1|600560|7|  |0.000
1|600561|7|  |0.000
1|600562|7|  |0.000
1|600563|7|  |0.000
1|600565|7|  |0.000
1|600566|7|  |0.000
1|600567|7|  |0.000
1|600568|7|  |0.000
1|600569|7|  |0.000
1|600570|7|  |0.000
1|600571|7|  |0.000
1|600572|7|  |0.000
1|600573|7|  |0.000
1|600575|7|  |0.000
1|600576|7|  |0.000
1|600577|7|  |0.000
1|600578|7|  |0.000
1|600579|7|  |0.000
1|600580|7|  |0.000
1|600581|7|  |0.000
1|600582|7|  |0.000
1|600583|7|  |0.000
1|600584|7|  |0.000
1|600585|7|  |0.000
1|600586|7|  |0.000
1|600587|7|  |0.000
1|600588|7|  |0.000
1|600589|7|  |0.000
1|600590|7|  |0.000
1|600592|7|  |0.000
1|600593|7|  |0.000
1|600594|7|  |0.000
1|600595|7|  |0.000
1|600596|7|  |0.000
1|600597|7|  |0.000
1|600598|7|  |0.000
1|600599|7|  |0.000
1|600600|7|  |0.000
1|600601|7|  |0.000
1|600602|7|  |0.000
1|600603|7|  |0.000
1|600604|7|  |0.000
1|600605|7|  |0.000
1|600606|7|  |0.000
1|600608|7|  |0.000
1|600609|7|  |0.000
1|600610|7|  |0.000
1|600611|7|  |0.000
1|600612|7|  |0.000
1|600613|7|  |0.000
1|600614|7|  |0.000
1|600615|7|  |0.000
1|600616|7|  |0.000
1|600617|7|  |0.000
1|600618|7|  |0.000
1|600619|7|  |0.000
1|600620|7|  |0.000
1|600621|7|  |0.000
1|600622|7|  |0.000
1|600623|7|  |0.000
1|600624|7|  |0.000
1|600626|7|  |0.000
1|600628|7|  |0.000
1|600629|7|  |0.000
1|600630|7|  |0.000
1|600633|7|  |0.000
1|600634|7|  |0.000
1|600635|7|  |0.000
1|600636|7|  |0.000
1|600637|7|  |0.000
1|600638|7|  |0.000
1|600639|7|  |0.000
1|600640|7|  |0.000
1|600641|7|  |0.000
1|600642|7|  |0.000
1|600643|7|  |0.000
1|600644|7|  |0.000
1|600645|7|  |0.000
1|600647|7|  |0.000
1|600648|7|  |0.000
1|600649|7|  |0.000
1|600650|7|  |0.000
1|600651|7|  |0.000
1|600652|7|  |0.000
1|600653|7|  |0.000
1|600654|7|  |0.000
1|600655|7|  |0.000
1|600657|7|  |0.000
1|600658|7|  |0.000
1|600660|7|  |0.000
1|600661|7|  |0.000
1|600662|7|  |0.000
1|600663|7|  |0.000
1|600664|7|  |0.000
1|600665|7|  |0.000
1|600666|7|  |0.000
1|600667|7|  |0.000
1|600668|7|  |0.000
1|600671|7|  |0.000
1|600673|7|  |0.000
1|600674|7|  |0.000
1|600675|7|  |0.000
1|600676|7|  |0.000
1|600677|7|  |0.000
1|600678|7|  |0.000
1|600679|7|  |0.000
1|600681|7|  |0.000
1|600682|7|  |0.000
1|600683|7|  |0.000
1|600684|7|  |0.000
1|600685|7|  |0.000
1|600686|7|  |0.000
1|600687|7|  |0.000
1|600688|7|  |0.000
1|600689|7|  |0.000
1|600690|7|  |0.000
1|600691|7|  |0.000
1|600692|7|  |0.000
1|600693|7|  |0.000
1|600694|7|  |0.000
1|600695|7|  |0.000
1|600696|7|  |0.000
1|600697|7|  |0.000
1|600698|7|  |0.000
1|600699|7|  |0.000
1|600701|7|  |0.000
1|600702|7|  |0.000
1|600703|7|  |0.000
1|600704|7|  |0.000
1|600705|7|  |0.000
1|600706|7|  |0.000
1|600707|7|  |0.000
1|600708|7|  |0.000
1|600710|7|  |0.000
1|600711|7|  |0.000
1|600712|7|  |0.000
1|600713|7|  |0.000
1|600714|7|  |0.000
1|600715|7|  |0.000
1|600716|7|  |0.000
1|600717|7|  |0.000
1|600718|7|  |0.000
1|600719|7|  |0.000
1|600720|7|  |0.000
1|600721|7|  |0.000
1|600722|7|  |0.000
1|600723|7|  |0.000
1|600724|7|  |0.000
1|600725|7|  |0.000
1|600726|7|  |0.000
1|600727|7|  |0.000
1|600728|7|  |0.000
1|600729|7|  |0.000
1|600730|7|  |0.000
1|600731|7|  |0.000
1|600732|7|  |0.000
1|600733|7|  |0.000
1|600734|7|  |0.000
1|600735|7|  |0.000
1|600736|7|  |0.000
1|600737|7|  |0.000
1|600738|7|  |0.000
1|600739|7|  |0.000
1|600740|7|  |0.000
1|600741|7|  |0.000
1|600742|7|  |0.000
1|600743|7|  |0.000
1|600744|7|  |0.000
1|600745|7|  |0.000
1|600746|7|  |0.000
1|600747|7|  |0.000
1|600748|7|  |0.000
1|600749|7|  |0.000
1|600750|7|  |0.000
1|600751|7|  |0.000
1|600753|7|  |0.000
1|600754|7|  |0.000
1|600755|7|  |0.000
1|600756|7|  |0.000
1|600757|7|  |0.000
1|600758|7|  |0.000
1|600759|7|  |0.000
1|600760|7|  |0.000
1|600761|7|  |0.000
1|600763|7|  |0.000
1|600764|7|  |0.000
1|600765|7|  |0.000
1|600766|7|  |0.000
1|600767|7|  |0.000
1|600768|7|  |0.000
1|600769|7|  |0.000
1|600770|7|  |0.000
1|600771|7|  |0.000
1|600773|7|  |0.000
1|600774|7|  |0.000
1|600775|7|  |0.000
1|600776|7|  |0.000
1|600777|7|  |0.000
1|600778|7|  |0.000
1|600779|7|  |0.000
1|600780|7|  |0.000
1|600781|7|  |0.000
1|600782|7|  |0.000
1|600783|7|  |0.000
1|600784|7|  |0.000
1|600785|7|  |0.000
1|600787|7|  |0.000
1|600789|7|  |0.000
1|600790|7|  |0.000
1|600791|7|  |0.000
1|600792|7|  |0.000
1|600793|7|  |0.000
1|600794|7|  |0.000
1|600795|7|  |0.000
1|600796|7|  |0.000
1|600797|7|  |0.000
1|600798|7|  |0.000
1|600800|7|  |0.000
1|600801|7|  |0.000
1|600802|7|  |0.000
1|600803|7|  |0.000
1|600804|7|  |0.000
1|600805|7|  |0.000
1|600807|7|  |0.000
1|600808|7|  |0.000
1|600809|7|  |0.000
1|600810|7|  |0.000
1|600811|7|  |0.000
1|600812|7|  |0.000
1|600814|7|  |0.000
1|600815|7|  |0.000
1|600816|7|  |0.000
1|600817|7|  |0.000
1|600818|7|  |0.000
1|600819|7|  |0.000
1|600820|7|  |0.000
1|600821|7|  |0.000
1|600822|7|  |0.000
1|600823|7|  |0.000
1|600824|7|  |0.000
1|600825|7|  |0.000
1|600826|7|  |0.000
1|600827|7|  |0.000
1|600828|7|  |0.000
1|600829|7|  |0.000
1|600830|7|  |0.000
1|600831|7|  |0.000
1|600833|7|  |0.000
1|600834|7|  |0.000
1|600835|7|  |0.000
1|600836|7|  |0.000
1|600837|7|  |0.000
1|600838|7|  |0.000
1|600839|7|  |0.000
1|600841|7|  |0.000
1|600843|7|  |0.000
1|600844|7|  |0.000
1|600845|7|  |0.000
1|600846|7|  |0.000
1|600847|7|  |0.000
1|600848|7|  |0.000
1|600850|7|  |0.000
1|600851|7|  |0.000
1|600853|7|  |0.000
1|600854|7|  |0.000
1|600855|7|  |0.000
1|600856|7|  |0.000
1|600857|7|  |0.000
1|600858|7|  |0.000
1|600859|7|  |0.000
1|600860|7|  |0.000
1|600861|7|  |0.000
1|600862|7|  |0.000
1|600863|7|  |0.000
1|600864|7|  |0.000
1|600865|7|  |0.000
1|600866|7|  |0.000
1|600867|7|  |0.000
1|600868|7|  |0.000
1|600869|7|  |0.000
1|600870|7|  |0.000
1|600871|7|  |0.000
1|600872|7|  |0.000
1|600873|7|  |0.000
1|600874|7|  |0.000
1|600875|7|  |0.000
1|600876|7|  |0.000
1|600877|7|  |0.000
1|600879|7|  |0.000
1|600880|7|  |0.000
1|600881|7|  |0.000
1|600882|7|  |0.000
1|600883|7|  |0.000
1|600884|7|  |0.000
1|600885|7|  |0.000
1|600886|7|  |0.000
1|600887|7|  |0.000
1|600888|7|  |0.000
1|600889|7|  |0.000
1|600890|7|  |0.000
1|600891|7|  |0.000
1|600892|7|  |0.000
1|600893|7|  |0.000
1|600894|7|  |0.000
1|600895|7|  |0.000
1|600896|7|  |0.000
1|600897|7|  |0.000
1|600898|7|  |0.000
1|600900|7|  |0.000
1|600901|7|  |0.000
1|600903|7|  |0.000
1|600905|7|  |0.000
1|600906|7|  |0.000
1|600908|7|  |0.000
1|600909|7|  |0.000
1|600916|7|  |0.000
1|600917|7|  |0.000
1|600918|7|  |0.000
1|600919|7|  |0.000
1|600926|7|  |0.000
1|600927|7|  |0.000
1|600928|7|  |0.000
1|600929|7|  |0.000
1|600933|7|  |0.000
1|600935|7|  |0.000
1|600936|7|  |0.000
1|600939|7|  |0.000
1|600955|7|  |0.000
1|600956|7|  |0.000
1|600958|7|  |0.000
1|600959|7|  |0.000
1|600960|7|  |0.000
1|600961|7|  |0.000
1|600962|7|  |0.000
1|600963|7|  |0.000
1|600965|7|  |0.000
1|600966|7|  |0.000
1|600967|7|  |0.000
1|600968|7|  |0.000
1|600969|7|  |0.000
1|600970|7|  |0.000
1|600971|7|  |0.000
1|600973|7|  |0.000
1|600975|7|  |0.000
1|600976|7|  |0.000
1|600977|7|  |0.000
1|600978|7|  |0.000
1|600979|7|  |0.000
1|600980|7|  |0.000
1|600981|7|  |0.000
1|600982|7|  |0.000
1|600983|7|  |0.000
1|600984|7|  |0.000
1|600985|7|  |0.000
1|600986|7|  |0.000
1|600987|7|  |0.000
1|600988|7|  |0.000
1|600989|7|  |0.000
1|600990|7|  |0.000
1|600992|7|  |0.000
1|600993|7|  |0.000
1|600995|7|  |0.000
1|600996|7|  |0.000
1|600997|7|  |0.000
1|600998|7|  |0.000
1|600999|7|  |0.000
1|601000|7|  |0.000
1|601001|7|  |0.000
1|601002|7|  |0.000
1|601003|7|  |0.000
1|601005|7|  |0.000
1|601006|7|  |0.000
1|601007|7|  |0.000
1|601008|7|  |0.000
1|601009|7|  |0.000
1|601010|7|  |0.000
1|601011|7|  |0.000
1|601012|7|  |0.000
1|601015|7|  |0.000
1|601016|7|  |0.000
1|601018|7|  |0.000
1|601019|7|  |0.000
1|601020|7|  |0.000
1|601021|7|  |0.000
1|601028|7|  |0.000
1|601038|7|  |0.000
1|601058|7|  |0.000
1|601066|7|  |0.000
1|601068|7|  |0.000
1|601069|7|  |0.000
1|601077|7|  |0.000
1|601086|7|  |0.000
1|601088|7|  |0.000
1|601098|7|  |0.000
1|601099|7|  |0.000
1|601100|7|  |0.000
1|601101|7|  |0.000
1|601106|7|  |0.000
1|601107|7|  |0.000
1|601108|7|  |0.000
1|601111|7|  |0.000
1|601113|7|  |0.000
1|601116|7|  |0.000
1|601117|7|  |0.000
1|601118|7|  |0.000
1|601126|7|  |0.000
1|601127|7|  |0.000
1|601128|7|  |0.000
1|601137|7|  |0.000
1|601138|7|  |0.000
1|601139|7|  |0.000
1|601155|7|  |0.000
1|601156|7|  |0.000
1|601158|7|  |0.000
1|601162|7|  |0.000
1|601163|7|  |0.000
1|601166|7|  |0.000
1|601168|7|  |0.000
1|601169|7|  |0.000
1|601177|7|  |0.000
1|601179|7|  |0.000
1|601186|7|  |0.000
1|601187|7|  |0.000
1|601188|7|  |0.000
1|601198|7|  |0.000
1|601199|7|  |0.000
1|601200|7|  |0.000
1|601206|7|  |0.000
1|601208|7|  |0.000
1|601211|7|  |0.000
1|601212|7|  |0.000
1|601216|7|  |0.000
1|601218|7|  |0.000
1|601222|7|  |0.000
1|601225|7|  |0.000
1|601226|7|  |0.000
1|601228|7|  |0.000
1|601229|7|  |0.000
1|601231|7|  |0.000
1|601233|7|  |0.000
1|601236|7|  |0.000
1|601238|7|  |0.000
1|601258|7|  |0.000
1|601279|7|  |0.000
1|601288|7|  |0.000
1|601298|7|  |0.000
1|601311|7|  |0.000
1|601318|7|  |0.000
1|601319|7|  |0.000
1|601326|7|  |0.000
1|601328|7|  |0.000
1|601330|7|  |0.000
1|601333|7|  |0.000
1|601336|7|  |0.000
1|601339|7|  |0.000
1|601360|7|  |0.000
1|601366|7|  |0.000
1|601368|7|  |0.000
1|601369|7|  |0.000
1|601375|7|  |0.000
1|601377|7|  |0.000
1|601388|7|  |0.000
1|601390|7|  |0.000
1|601398|7|  |0.000
1|601399|7|  |0.000
1|601456|7|  |0.000
1|601500|7|  |0.000
1|601512|7|  |0.000
1|601515|7|  |0.000
1|601518|7|  |0.000
1|601519|7|  |0.000
1|601528|7|  |0.000
1|601555|7|  |0.000
1|601558|7|  |0.000
1|601566|7|  |0.000
1|601567|7|  |0.000
1|601568|7|  |0.000
1|601577|7|  |0.000
1|601579|7|  |0.000
1|601588|7|  |0.000
1|601595|7|  |0.000
1|601598|7|  |0.000
1|601599|7|  |0.000
1|601600|7|  |0.000
1|601601|7|  |0.000
1|601606|7|  |0.000
1|601607|7|  |0.000
1|601608|7|  |0.000
1|601609|7|  |0.000
1|601611|7|  |0.000
1|601615|7|  |0.000
1|601616|7|  |0.000
1|601618|7|  |0.000
1|601619|7|  |0.000
1|601628|7|  |0.000
1|601633|7|  |0.000
1|601636|7|  |0.000
1|601658|7|  |0.000
1|601665|7|  |0.000
1|601666|7|  |0.000
1|601668|7|  |0.000
1|601669|7|  |0.000
1|601677|7|  |0.000
1|601678|7|  |0.000
1|601686|7|  |0.000
1|601688|7|  |0.000
1|601689|7|  |0.000
1|601696|7|  |0.000
1|601698|7|  |0.000
1|601699|7|  |0.000
1|601700|7|  |0.000
1|601702|7|  |0.000
1|601717|7|  |0.000
1|601718|7|  |0.000
1|601727|7|  |0.000
1|601728|7|  |0.000
1|601766|7|  |0.000
1|601777|7|  |0.000
1|601778|7|  |0.000
1|601788|7|  |0.000
1|601789|7|  |0.000
1|601798|7|  |0.000
1|601799|7|  |0.000
1|601800|7|  |0.000
1|601801|7|  |0.000
1|601808|7|  |0.000
1|601811|7|  |0.000
1|601816|7|  |0.000
1|601818|7|  |0.000
1|601825|7|  |0.000
1|601827|7|  |0.000
1|601828|7|  |0.000
1|601838|7|  |0.000
1|601857|7|  |0.000
1|601858|7|  |0.000
1|601860|7|  |0.000
1|601865|7|  |0.000
1|601866|7|  |0.000
1|601868|7|  |0.000
1|601869|7|  |0.000
1|601872|7|  |0.000
1|601877|7|  |0.000
1|601878|7|  |0.000
1|601880|7|  |0.000
1|601881|7|  |0.000
1|601882|7|  |0.000
1|601886|7|  |0.000
1|601888|7|  |0.000
1|601890|7|  |0.000
1|601898|7|  |0.000
1|601899|7|  |0.000
1|601900|7|  |0.000
1|601901|7|  |0.000
1|601908|7|  |0.000
1|601916|7|  |0.000
1|601918|7|  |0.000
1|601919|7|  |0.000
1|601921|7|  |0.000
1|601928|7|  |0.000
1|601929|7|  |0.000
1|601933|7|  |0.000
1|601939|7|  |0.000
1|601949|7|  |0.000
1|601952|7|  |0.000
1|601956|7|  |0.000
1|601958|7|山西国资  |0.000
1|601963|7|  |0.000
1|601965|7|  |0.000
1|601966|7|  |0.000
1|601968|7|  |0.000
1|601969|7|  |0.000
1|601975|7|  |0.000
1|601985|7|  |0.000
1|601988|7|  |0.000
1|601989|7|  |0.000
1|601990|7|  |0.000
1|601991|7|  |0.000
1|601992|7|  |0.000
1|601995|7|  |0.000
1|601996|7|  |0.000
1|601997|7|  |0.000
1|601998|7|  |0.000
1|601999|7|  |0.000
1|603000|7|  |0.000
1|603001|7|  |0.000
1|603002|7|  |0.000
1|603003|7|  |0.000
1|603005|7|  |0.000
1|603006|7|  |0.000
1|603007|7|  |0.000
1|603008|7|  |0.000
1|603009|7|  |0.000
1|603010|7|  |0.000
1|603011|7|  |0.000
1|603012|7|  |0.000
1|603013|7|  |0.000
1|603015|7|  |0.000
1|603016|7|  |0.000
1|603017|7|  |0.000
1|603018|7|  |0.000
1|603019|7|  |0.000
1|603020|7|  |0.000
1|603021|7|  |0.000
1|603022|7|  |0.000
1|603023|7|  |0.000
1|603025|7|  |0.000
1|603026|7|  |0.000
1|603027|7|  |0.000
1|603028|7|  |0.000
1|603029|7|  |0.000
1|603030|7|  |0.000
1|603031|7|  |0.000
1|603032|7|  |0.000
1|603033|7|  |0.000
1|603035|7|  |0.000
1|603036|7|  |0.000
1|603037|7|  |0.000
1|603038|7|  |0.000
1|603039|7|  |0.000
1|603040|7|  |0.000
1|603041|7|  |0.000
1|603042|7|  |0.000
1|603043|7|  |0.000
1|603045|7|  |0.000
1|603048|7|  |0.000
1|603050|7|  |0.000
1|603053|7|  |0.000
1|603055|7|  |0.000
1|603056|7|  |0.000
1|603058|7|  |0.000
1|603059|7|  |0.000
1|603060|7|  |0.000
1|603063|7|  |0.000
1|603066|7|  |0.000
1|603067|7|  |0.000
1|603068|7|  |0.000
1|603069|7|  |0.000
1|603071|7|  |0.000
1|603076|7|  |0.000
1|603077|7|  |0.000
1|603078|7|  |0.000
1|603079|7|  |0.000
1|603080|7|  |0.000
1|603081|7|  |0.000
1|603083|7|  |0.000
1|603085|7|  |0.000
1|603086|7|  |0.000
1|603087|7|  |0.000
1|603088|7|  |0.000
1|603089|7|  |0.000
1|603090|7|  |0.000
1|603093|7|  |0.000
1|603095|7|  |0.000
1|603096|7|  |0.000
1|603098|7|  |0.000
1|603099|7|  |0.000
1|603100|7|  |0.000
1|603101|7|  |0.000
1|603103|7|  |0.000
1|603105|7|  |0.000
1|603106|7|  |0.000
1|603108|7|  |0.000
1|603109|7|  |0.000
1|603110|7|  |0.000
1|603111|7|  |0.000
1|603112|7|  |0.000
1|603113|7|  |0.000
1|603115|7|  |0.000
1|603116|7|  |0.000
1|603117|7|  |0.000
1|603118|7|  |0.000
1|603121|7|  |0.000
1|603123|7|  |0.000
1|603126|7|  |0.000
1|603127|7|  |0.000
1|603128|7|  |0.000
1|603129|7|  |0.000
1|603131|7|  |0.000
1|603133|7|  |0.000
1|603136|7|  |0.000
1|603138|7|  |0.000
1|603139|7|  |0.000
1|603155|7|  |0.000
1|603156|7|  |0.000
1|603157|7|  |0.000
1|603158|7|  |0.000
1|603159|7|  |0.000
1|603160|7|  |0.000
1|603161|7|  |0.000
1|603165|7|  |0.000
1|603166|7|  |0.000
1|603167|7|  |0.000
1|603168|7|  |0.000
1|603169|7|  |0.000
1|603171|7|  |0.000
1|603177|7|  |0.000
1|603178|7|  |0.000
1|603179|7|  |0.000
1|603180|7|  |0.000
1|603181|7|  |0.000
1|603183|7|  |0.000
1|603185|7|  |0.000
1|603186|7|  |0.000
1|603187|7|  |0.000
1|603188|7|  |0.000
1|603189|7|  |0.000
1|603192|7|  |0.000
1|603195|7|  |0.000
1|603196|7|  |0.000
1|603197|7|  |0.000
1|603198|7|  |0.000
1|603199|7|  |0.000
1|603200|7|  |0.000
1|603203|7|  |0.000
1|603208|7|  |0.000
1|603212|7|  |0.000
1|603213|7|  |0.000
1|603214|7|  |0.000
1|603216|7|  |0.000
1|603217|7|  |0.000
1|603218|7|  |0.000
1|603219|7|  |0.000
1|603220|7|  |0.000
1|603221|7|  |0.000
1|603222|7|  |0.000
1|603223|7|  |0.000
1|603225|7|  |0.000
1|603226|7|  |0.000
1|603227|7|  |0.000
1|603228|7|  |0.000
1|603229|7|  |0.000
1|603230|7|  |0.000
1|603232|7|  |0.000
1|603233|7|  |0.000
1|603236|7|  |0.000
1|603238|7|  |0.000
1|603239|7|  |0.000
1|603256|7|  |0.000
1|603258|7|  |0.000
1|603259|7|  |0.000
1|603260|7|  |0.000
1|603266|7|  |0.000
1|603267|7|  |0.000
1|603268|7|  |0.000
1|603269|7|  |0.000
1|603277|7|  |0.000
1|603278|7|  |0.000
1|603279|7|  |0.000
1|603283|7|  |0.000
1|603286|7|  |0.000
1|603288|7|  |0.000
1|603289|7|  |0.000
1|603290|7|  |0.000
1|603297|7|  |0.000
1|603298|7|  |0.000
1|603299|7|  |0.000
1|603300|7|  |0.000
1|603301|7|  |0.000
1|603302|7|  |0.000
1|603303|7|  |0.000
1|603305|7|  |0.000
1|603306|7|  |0.000
1|603308|7|  |0.000
1|603309|7|  |0.000
1|603311|7|  |0.000
1|603313|7|  |0.000
1|603315|7|  |0.000
1|603316|7|  |0.000
1|603317|7|  |0.000
1|603318|7|  |0.000
1|603319|7|  |0.000
1|603320|7|  |0.000
1|603321|7|  |0.000
1|603322|7|  |0.000
1|603323|7|  |0.000
1|603324|7|  |0.000
1|603326|7|  |0.000
1|603327|7|  |0.000
1|603328|7|  |0.000
1|603329|7|  |0.000
1|603330|7|  |0.000
1|603331|7|  |0.000
1|603332|7|  |0.000
1|603333|7|  |0.000
1|603335|7|人民币贬值收益  |0.000
1|603336|7|  |0.000
1|603337|7|  |0.000
1|603338|7|  |0.000
1|603339|7|  |0.000
1|603345|7|  |0.000
1|603348|7|  |0.000
1|603351|7|  |0.000
1|603353|7|  |0.000
1|603355|7|  |0.000
1|603356|7|  |0.000
1|603357|7|  |0.000
1|603358|7|  |0.000
1|603359|7|  |0.000
1|603360|7|  |0.000
1|603363|7|  |0.000
1|603365|7|  |0.000
1|603366|7|  |0.000
1|603367|7|  |0.000
1|603368|7|  |0.000
1|603369|7|  |0.000
1|603377|7|  |0.000
1|603378|7|  |0.000
1|603379|7|  |0.000
1|603380|7|  |0.000
1|603383|7|  |0.000
1|603385|7|  |0.000
1|603386|7|  |0.000
1|603387|7|  |0.000
1|603388|7|  |0.000
1|603389|7|  |0.000
1|603390|7|  |0.000
1|603392|7|  |0.000
1|603393|7|  |0.000
1|603396|7|  |0.000
1|603398|7|  |0.000
1|603399|7|  |0.000
1|603408|7|  |0.000
1|603416|7|  |0.000
1|603421|7|  |0.000
1|603429|7|  |0.000
1|603439|7|  |0.000
1|603444|7|  |0.000
1|603456|7|  |0.000
1|603458|7|  |0.000
1|603466|7|  |0.000
1|603477|7|  |0.000
1|603486|7|  |0.000
1|603488|7|  |0.000
1|603489|7|  |0.000
1|603496|7|  |0.000
1|603499|7|  |0.000
1|603500|7|  |0.000
1|603501|7|  |0.000
1|603505|7|  |0.000
1|603506|7|  |0.000
1|603507|7|  |0.000
1|603508|7|  |0.000
1|603511|7|  |0.000
1|603515|7|  |0.000
1|603516|7|  |0.000
1|603517|7|  |0.000
1|603518|7|  |0.000
1|603519|7|  |0.000
1|603520|7|  |0.000
1|603527|7|  |0.000
1|603528|7|  |0.000
1|603529|7|  |0.000
1|603530|7|  |0.000
1|603533|7|  |0.000
1|603535|7|  |0.000
1|603536|7|  |0.000
1|603538|7|  |0.000
1|603551|7|  |0.000
1|603555|7|  |0.000
1|603556|7|  |0.000
1|603557|7|  |0.000
1|603558|7|  |0.000
1|603559|7|  |0.000
1|603565|7|  |0.000
1|603566|7|  |0.000
1|603567|7|  |0.000
1|603568|7|  |0.000
1|603569|7|  |0.000
1|603577|7|  |0.000
1|603578|7|  |0.000
1|603579|7|  |0.000
1|603580|7|  |0.000
1|603583|7|  |0.000
1|603585|7|  |0.000
1|603586|7|  |0.000
1|603587|7|  |0.000
1|603588|7|  |0.000
1|603589|7|  |0.000
1|603590|7|  |0.000
1|603595|7|  |0.000
1|603596|7|  |0.000
1|603598|7|  |0.000
1|603599|7|  |0.000
1|603600|7|  |0.000
1|603601|7|  |0.000
1|603602|7|  |0.000
1|603603|7|  |0.000
1|603605|7|  |0.000
1|603606|7|  |0.000
1|603607|7|  |0.000
1|603608|7|  |0.000
1|603609|7|  |0.000
1|603610|7|  |0.000
1|603611|7|  |0.000
1|603612|7|  |0.000
1|603613|7|  |0.000
1|603615|7|  |0.000
1|603616|7|  |0.000
1|603617|7|  |0.000
1|603618|7|  |0.000
1|603619|7|  |0.000
1|603626|7|  |0.000
1|603628|7|  |0.000
1|603629|7|  |0.000
1|603630|7|  |0.000
1|603633|7|  |0.000
1|603636|7|  |0.000
1|603637|7|  |0.000
1|603638|7|  |0.000
1|603639|7|  |0.000
1|603648|7|  |0.000
1|603650|7|  |0.000
1|603655|7|  |0.000
1|603656|7|  |0.000
1|603657|7|  |0.000
1|603658|7|  |0.000
1|603659|7|  |0.000
1|603660|7|  |0.000
1|603661|7|  |0.000
1|603662|7|  |0.000
1|603663|7|  |0.000
1|603665|7|  |0.000
1|603666|7|  |0.000
1|603667|7|  |0.000
1|603668|7|  |0.000
1|603669|7|  |0.000
1|603676|7|  |0.000
1|603677|7|  |0.000
1|603678|7|  |0.000
1|603679|7|  |0.000
1|603680|7|  |0.000
1|603681|7|  |0.000
1|603682|7|  |0.000
1|603683|7|  |0.000
1|603685|7|  |0.000
1|603686|7|  |0.000
1|603687|7|  |0.000
1|603688|7|  |0.000
1|603689|7|  |0.000
1|603690|7|  |0.000
1|603693|7|  |0.000
1|603696|7|  |0.000
1|603697|7|  |0.000
1|603698|7|  |0.000
1|603699|7|  |0.000
1|603700|7|  |0.000
1|603701|7|  |0.000
1|603703|7|  |0.000
1|603706|7|  |0.000
1|603707|7|  |0.000
1|603708|7|  |0.000
1|603709|7|  |0.000
1|603711|7|  |0.000
1|603712|7|  |0.000
1|603713|7|  |0.000
1|603716|7|  |0.000
1|603717|7|  |0.000
1|603718|7|  |0.000
1|603719|7|  |0.000
1|603721|7|  |0.000
1|603722|7|  |0.000
1|603725|7|  |0.000
1|603726|7|  |0.000
1|603727|7|  |0.000
1|603728|7|  |0.000
1|603729|7|  |0.000
1|603730|7|  |0.000
1|603733|7|  |0.000
1|603737|7|  |0.000
1|603738|7|  |0.000
1|603739|7|  |0.000
1|603755|7|  |0.000
1|603757|7|  |0.000
1|603758|7|  |0.000
1|603759|7|  |0.000
1|603766|7|  |0.000
1|603767|7|  |0.000
1|603768|7|  |0.000
1|603773|7|  |0.000
1|603776|7|  |0.000
1|603777|7|  |0.000
1|603778|7|  |0.000
1|603779|7|  |0.000
1|603786|7|  |0.000
1|603787|7|  |0.000
1|603788|7|  |0.000
1|603789|7|  |0.000
1|603790|7|  |0.000
1|603797|7|  |0.000
1|603798|7|  |0.000
1|603799|7|  |0.000
1|603800|7|  |0.000
1|603801|7|  |0.000
1|603803|7|  |0.000
1|603806|7|  |0.000
1|603808|7|  |0.000
1|603809|7|  |0.000
1|603810|7|  |0.000
1|603811|7|  |0.000
1|603813|7|  |0.000
1|603815|7|  |0.000
1|603816|7|  |0.000
1|603817|7|  |0.000
1|603818|7|  |0.000
1|603819|7|  |0.000
1|603822|7|  |0.000
1|603823|7|  |0.000
1|603825|7|  |0.000
1|603826|7|  |0.000
1|603828|7|  |0.000
1|603829|7|  |0.000
1|603833|7|  |0.000
1|603836|7|  |0.000
1|603838|7|固废处理,垃圾焚烧发电  |0.000
1|603839|7|  |0.000
1|603843|7|  |0.000
1|603848|7|  |0.000
1|603855|7|  |0.000
1|603856|7|  |0.000
1|603858|7|  |0.000
1|603859|7|  |0.000
1|603860|7|  |0.000
1|603861|7|  |0.000
1|603863|7|  |0.000
1|603866|7|  |0.000
1|603867|7|  |0.000
1|603868|7|  |0.000
1|603869|7|  |0.000
1|603871|7|  |0.000
1|603876|7|  |0.000
1|603877|7|  |0.000
1|603878|7|  |0.000
1|603879|7|  |0.000
1|603880|7|  |0.000
1|603881|7|  |0.000
1|603882|7|  |0.000
1|603883|7|  |0.000
1|603885|7|  |0.000
1|603886|7|  |0.000
1|603887|7|  |0.000
1|603888|7|  |0.000
1|603889|7|  |0.000
1|603890|7|  |0.000
1|603893|7|  |0.000
1|603895|7|  |0.000
1|603896|7|  |0.000
1|603897|7|  |0.000
1|603898|7|  |0.000
1|603899|7|  |0.000
1|603900|7|  |0.000
1|603901|7|  |0.000
1|603903|7|  |0.000
1|603906|7|  |0.000
1|603908|7|  |0.000
1|603909|7|  |0.000
1|603912|7|  |0.000
1|603915|7|  |0.000
1|603916|7|  |0.000
1|603917|7|  |0.000
1|603918|7|  |0.000
1|603919|7|  |0.000
1|603920|7|  |0.000
1|603922|7|  |0.000
1|603926|7|  |0.000
1|603927|7|  |0.000
1|603928|7|  |0.000
1|603929|7|  |0.000
1|603931|7|  |0.000
1|603933|7|  |0.000
1|603936|7|  |0.000
1|603937|7|  |0.000
1|603938|7|  |0.000
1|603939|7|  |0.000
1|603948|7|  |0.000
1|603949|7|  |0.000
1|603950|7|  |0.000
1|603955|7|  |0.000
1|603956|7|  |0.000
1|603958|7|  |0.000
1|603959|7|  |0.000
1|603960|7|  |0.000
1|603963|7|  |0.000
1|603966|7|  |0.000
1|603967|7|  |0.000
1|603968|7|  |0.000
1|603969|7|  |0.000
1|603970|7|  |0.000
1|603976|7|  |0.000
1|603977|7|  |0.000
1|603978|7|  |0.000
1|603979|7|  |0.000
1|603980|7|  |0.000
1|603982|7|  |0.000
1|603983|7|  |0.000
1|603985|7|  |0.000
1|603986|7|  |0.000
1|603987|7|  |0.000
1|603988|7|  |0.000
1|603989|7|  |0.000
1|603990|7|  |0.000
1|603991|7|  |0.000
1|603992|7|  |0.000
1|603993|7|  |0.000
1|603995|7|  |0.000
1|603996|7|  |0.000
1|603997|7|  |0.000
1|603998|7|  |0.000
1|603999|7|  |0.000
1|605001|7|  |0.000
1|605003|7|  |0.000
1|605005|7|  |0.000
1|605006|7|  |0.000
1|605007|7|  |0.000
1|605008|7|  |0.000
1|605009|7|  |0.000
1|605011|7|  |0.000
1|605016|7|  |0.000
1|605018|7|  |0.000
1|605020|7|  |0.000
1|605028|7|  |0.000
1|605033|7|  |0.000
1|605050|7|  |0.000
1|605055|7|  |0.000
1|605056|7|  |0.000
1|605058|7|  |0.000
1|605060|7|  |0.000
1|605066|7|  |0.000
1|605068|7|  |0.000
1|605069|7|  |0.000
1|605077|7|  |0.000
1|605080|7|  |0.000
1|605081|7|  |0.000
1|605086|7|  |0.000
1|605088|7|  |0.000
1|605089|7|  |0.000
1|605090|7|  |0.000
1|605098|7|  |0.000
1|605099|7|  |0.000
1|605100|7|  |0.000
1|605108|7|  |0.000
1|605111|7|  |0.000
1|605116|7|  |0.000
1|605117|7|  |0.000
1|605118|7|  |0.000
1|605122|7|  |0.000
1|605123|7|  |0.000
1|605128|7|  |0.000
1|605133|7|  |0.000
1|605136|7|  |0.000
1|605138|7|  |0.000
1|605151|7|  |0.000
1|605155|7|  |0.000
1|605158|7|  |0.000
1|605162|7|  |0.000
1|605166|7|  |0.000
1|605167|7|  |0.000
1|605168|7|  |0.000
1|605169|7|  |0.000
1|605177|7|  |0.000
1|605178|7|  |0.000
1|605179|7|  |0.000
1|605180|7|  |0.000
1|605183|7|  |0.000
1|605186|7|  |0.000
1|605188|7|  |0.000
1|605189|7|  |0.000
1|605196|7|  |0.000
1|605198|7|  |0.000
1|605199|7|  |0.000
1|605208|7|  |0.000
1|605218|7|  |0.000
1|605222|7|  |0.000
1|605228|7|  |0.000
1|605255|7|  |0.000
1|605258|7|  |0.000
1|605259|7|  |0.000
1|605266|7|  |0.000
1|605268|7|  |0.000
1|605277|7|  |0.000
1|605286|7|  |0.000
1|605287|7|  |0.000
1|605288|7|  |0.000
1|605289|7|  |0.000
1|605296|7|  |0.000
1|605298|7|  |0.000
1|605299|7|  |0.000
1|605300|7|  |0.000
1|605303|7|  |0.000
1|605305|7|  |0.000
1|605318|7|  |0.000
1|605319|7|  |0.000
1|605333|7|  |0.000
1|605336|7|  |0.000
1|605337|7|  |0.000
1|605338|7|  |0.000
1|605339|7|  |0.000
1|605358|7|  |0.000
1|605365|7|  |0.000
1|605366|7|  |0.000
1|605368|7|  |0.000
1|605369|7|  |0.000
1|605376|7|  |0.000
1|605377|7|  |0.000
1|605378|7|  |0.000
1|605388|7|  |0.000
1|605389|7|  |0.000
1|605398|7|  |0.000
1|605399|7|  |0.000
1|605488|7|  |0.000
1|605499|7|  |0.000
1|605500|7|  |0.000
1|605507|7|  |0.000
1|605555|7|  |0.000
1|605566|7|  |0.000
1|605567|7|  |0.000
1|605577|7|  |0.000
1|605580|7|  |0.000
1|605588|7|  |0.000
1|605589|7|  |0.000
1|605598|7|  |0.000
1|605599|7|  |0.000
1|688001|7|  |0.000
1|688002|7|  |0.000
1|688003|7|  |0.000
1|688004|7|  |0.000
1|688005|7|  |0.000
1|688006|7|  |0.000
1|688007|7|  |0.000
1|688008|7|  |0.000
1|688009|7|  |0.000
1|688010|7|  |0.000
1|688011|7|  |0.000
1|688012|7|  |0.000
1|688013|7|  |0.000
1|688015|7|  |0.000
1|688016|7|  |0.000
1|688017|7|  |0.000
1|688018|7|  |0.000
1|688019|7|  |0.000
1|688020|7|  |0.000
1|688021|7|  |0.000
1|688022|7|  |0.000
1|688023|7|  |0.000
1|688025|7|  |0.000
1|688026|7|  |0.000
1|688027|7|  |0.000
1|688028|7|  |0.000
1|688029|7|  |0.000
1|688030|7|  |0.000
1|688033|7|  |0.000
1|688036|7|  |0.000
1|688037|7|  |0.000
1|688038|7|  |0.000
1|688039|7|  |0.000
1|688049|7|  |0.000
1|688050|7|  |0.000
1|688051|7|  |0.000
1|688055|7|  |0.000
1|688056|7|  |0.000
1|688057|7|  |0.000
1|688058|7|  |0.000
1|688059|7|  |0.000
1|688060|7|  |0.000
1|688063|7|  |0.000
1|688065|7|  |0.000
1|688066|7|  |0.000
1|688067|7|  |0.000
1|688068|7|  |0.000
1|688069|7|  |0.000
1|688070|7|  |0.000
1|688071|7|  |0.000
1|688075|7|  |0.000
1|688076|7|  |0.000
1|688077|7|  |0.000
1|688078|7|  |0.000
1|688079|7|  |0.000
1|688080|7|  |0.000
1|688081|7|  |0.000
1|688082|7|  |0.000
1|688083|7|  |0.000
1|688085|7|  |0.000
1|688086|7|  |0.000
1|688087|7|  |0.000
1|688088|7|  |0.000
1|688089|7|  |0.000
1|688090|7|  |0.000
1|688091|7|  |0.000
1|688092|7|  |0.000
1|688093|7|  |0.000
1|688095|7|  |0.000
1|688096|7|  |0.000
1|688097|7|  |0.000
1|688098|7|  |0.000
1|688099|7|  |0.000
1|688100|7|  |0.000
1|688101|7|  |0.000
1|688103|7|  |0.000
1|688105|7|  |0.000
1|688106|7|  |0.000
1|688107|7|  |0.000
1|688108|7|  |0.000
1|688109|7|  |0.000
1|688110|7|  |0.000
1|688111|7|  |0.000
1|688112|7|  |0.000
1|688113|7|  |0.000
1|688116|7|  |0.000
1|688117|7|  |0.000
1|688118|7|  |0.000
1|688121|7|  |0.000
1|688122|7|  |0.000
1|688123|7|  |0.000
1|688126|7|  |0.000
1|688127|7|  |0.000
1|688128|7|  |0.000
1|688129|7|  |0.000
1|688131|7|  |0.000
1|688133|7|  |0.000
1|688135|7|  |0.000
1|688136|7|  |0.000
1|688138|7|  |0.000
1|688139|7|  |0.000
1|688148|7|  |0.000
1|688151|7|  |0.000
1|688155|7|  |0.000
1|688156|7|  |0.000
1|688157|7|  |0.000
1|688158|7|  |0.000
1|688159|7|  |0.000
1|688160|7|  |0.000
1|688161|7|  |0.000
1|688162|7|  |0.000
1|688165|7|  |0.000
1|688166|7|  |0.000
1|688168|7|  |0.000
1|688169|7|  |0.000
1|688177|7|  |0.000
1|688178|7|  |0.000
1|688179|7|  |0.000
1|688180|7|  |0.000
1|688181|7|  |0.000
1|688182|7|  |0.000
1|688183|7|  |0.000
1|688185|7|  |0.000
1|688186|7|  |0.000
1|688187|7|  |0.000
1|688188|7|  |0.000
1|688189|7|  |0.000
1|688190|7|  |0.000
1|688191|7|  |0.000
1|688192|7|  |0.000
1|688195|7|  |0.000
1|688196|7|  |0.000
1|688198|7|  |0.000
1|688199|7|  |0.000
1|688200|7|  |0.000
1|688201|7|  |0.000
1|688202|7|  |0.000
1|688208|7|  |0.000
1|688211|7|  |0.000
1|688212|7|  |0.000
1|688215|7|  |0.000
1|688216|7|  |0.000
1|688217|7|  |0.000
1|688218|7|  |0.000
1|688219|7|  |0.000
1|688221|7|  |0.000
1|688222|7|  |0.000
1|688226|7|  |0.000
1|688228|7|  |0.000
1|688229|7|  |0.000
1|688230|7|  |0.000
1|688232|7|  |0.000
1|688233|7|  |0.000
1|688235|7|  |0.000
1|688239|7|  |0.000
1|688246|7|  |0.000
1|688255|7|  |0.000
1|688256|7|  |0.000
1|688257|7|  |0.000
1|688258|7|  |0.000
1|688260|7|  |0.000
1|688266|7|  |0.000
1|688268|7|  |0.000
1|688269|7|  |0.000
1|688272|7|  |0.000
1|688276|7|  |0.000
1|688277|7|  |0.000
1|688278|7|  |0.000
1|688280|7|  |0.000
1|688285|7|  |0.000
1|688286|7|  |0.000
1|688288|7|  |0.000
1|688289|7|  |0.000
1|688296|7|  |0.000
1|688298|7|  |0.000
1|688299|7|  |0.000
1|688300|7|  |0.000
1|688301|7|  |0.000
1|688303|7|  |0.000
1|688305|7|  |0.000
1|688308|7|  |0.000
1|688309|7|  |0.000
1|688310|7|  |0.000
1|688311|7|  |0.000
1|688312|7|  |0.000
1|688313|7|  |0.000
1|688314|7|  |0.000
1|688315|7|  |0.000
1|688316|7|  |0.000
1|688317|7|  |0.000
1|688318|7|  |0.000
1|688319|7|  |0.000
1|688321|7|  |0.000
1|688323|7|  |0.000
1|688328|7|  |0.000
1|688329|7|  |0.000
1|688330|7|  |0.000
1|688333|7|  |0.000
1|688335|7|  |0.000
1|688336|7|  |0.000
1|688338|7|  |0.000
1|688339|7|  |0.000
1|688345|7|  |0.000
1|688350|7|  |0.000
1|688355|7|  |0.000
1|688356|7|  |0.000
1|688357|7|  |0.000
1|688358|7|  |0.000
1|688359|7|  |0.000
1|688360|7|  |0.000
1|688363|7|  |0.000
1|688365|7|  |0.000
1|688366|7|  |0.000
1|688367|7|  |0.000
1|688368|7|  |0.000
1|688369|7|  |0.000
1|688377|7|  |0.000
1|688378|7|  |0.000
1|688379|7|  |0.000
1|688383|7|  |0.000
1|688385|7|  |0.000
1|688386|7|  |0.000
1|688388|7|  |0.000
1|688389|7|  |0.000
1|688390|7|  |0.000
1|688393|7|  |0.000
1|688395|7|  |0.000
1|688396|7|  |0.000
1|688398|7|  |0.000
1|688399|7|  |0.000
1|688408|7|  |0.000
1|688418|7|  |0.000
1|688425|7|  |0.000
1|688456|7|  |0.000
1|688466|7|  |0.000
1|688468|7|  |0.000
1|688488|7|  |0.000
1|688499|7|  |0.000
1|688500|7|  |0.000
1|688501|7|  |0.000
1|688505|7|  |0.000
1|688508|7|  |0.000
1|688509|7|  |0.000
1|688510|7|  |0.000
1|688511|7|  |0.000
1|688513|7|  |0.000
1|688516|7|  |0.000
1|688517|7|  |0.000
1|688518|7|  |0.000
1|688519|7|  |0.000
1|688520|7|  |0.000
1|688521|7|  |0.000
1|688526|7|  |0.000
1|688528|7|  |0.000
1|688529|7|  |0.000
1|688533|7|  |0.000
1|688536|7|  |0.000
1|688538|7|  |0.000
1|688550|7|  |0.000
1|688551|7|  |0.000
1|688553|7|  |0.000
1|688555|7|  |0.000
1|688556|7|  |0.000
1|688557|7|  |0.000
1|688558|7|  |0.000
1|688559|7|  |0.000
1|688560|7|  |0.000
1|688561|7|  |0.000
1|688565|7|  |0.000
1|688566|7|  |0.000
1|688567|7|  |0.000
1|688568|7|  |0.000
1|688569|7|  |0.000
1|688571|7|  |0.000
1|688575|7|  |0.000
1|688577|7|  |0.000
1|688578|7|  |0.000
1|688579|7|  |0.000
1|688580|7|  |0.000
1|688585|7|  |0.000
1|688586|7|  |0.000
1|688588|7|  |0.000
1|688589|7|  |0.000
1|688590|7|  |0.000
1|688595|7|  |0.000
1|688596|7|  |0.000
1|688597|7|  |0.000
1|688598|7|  |0.000
1|688599|7|  |0.000
1|688600|7|  |0.000
1|688601|7|  |0.000
1|688606|7|  |0.000
1|688607|7|  |0.000
1|688608|7|  |0.000
1|688609|7|  |0.000
1|688611|7|  |0.000
1|688613|7|  |0.000
1|688616|7|  |0.000
1|688617|7|  |0.000
1|688618|7|  |0.000
1|688619|7|  |0.000
1|688621|7|  |0.000
1|688622|7|  |0.000
1|688625|7|  |0.000
1|688626|7|  |0.000
1|688628|7|  |0.000
1|688630|7|  |0.000
1|688633|7|  |0.000
1|688636|7|  |0.000
1|688639|7|  |0.000
1|688655|7|  |0.000
1|688656|7|  |0.000
1|688658|7|  |0.000
1|688659|7|  |0.000
1|688660|7|  |0.000
1|688661|7|  |0.000
1|688662|7|  |0.000
1|688663|7|  |0.000
1|688665|7|  |0.000
1|688667|7|  |0.000
1|688668|7|  |0.000
1|688669|7|  |0.000
1|688670|7|  |0.000
1|688676|7|  |0.000
1|688677|7|  |0.000
1|688678|7|  |0.000
1|688679|7|  |0.000
1|688680|7|  |0.000
1|688681|7|  |0.000
1|688682|7|  |0.000
1|688683|7|  |0.000
1|688685|7|  |0.000
1|688686|7|  |0.000
1|688687|7|  |0.000
1|688688|7|  |0.000
1|688689|7|  |0.000
1|688690|7|  |0.000
1|688696|7|  |0.000
1|688697|7|  |0.000
1|688698|7|  |0.000
1|688699|7|  |0.000
1|688700|7|  |0.000
1|688701|7|  |0.000
1|688707|7|  |0.000
1|688711|7|  |0.000
1|688718|7|  |0.000
1|688722|7|  |0.000
1|688728|7|  |0.000
1|688733|7|  |0.000
1|688737|7|  |0.000
1|688739|7|  |0.000
1|688766|7|  |0.000
1|688767|7|  |0.000
1|688768|7|  |0.000
1|688772|7|  |0.000
1|688776|7|  |0.000
1|688777|7|  |0.000
1|688778|7|  |0.000
1|688779|7|  |0.000
1|688786|7|  |0.000
1|688787|7|  |0.000
1|688788|7|  |0.000
1|688789|7|  |0.000
1|688793|7|  |0.000
1|688798|7|  |0.000
1|688799|7|  |0.000
1|688800|7|  |0.000
1|688819|7|  |0.000
1|688981|7|  |0.000
1|689009|7|  |0.000
0|002740|7|  |0.000
0|002793|7|  |0.000
0|000912|7|  |0.000
0|002388|7|  |0.000
0|002605|7|  |0.000
0|002774|7|  |0.000
0|002090|7|  |0.000
0|002822|7|  |0.000
0|002288|7|  |0.000
0|002902|7|  |0.000
0|002123|7|  |0.000
0|002442|7|  |0.000
0|000038|7|  |0.000
0|000571|7|  |0.000
0|000607|7|  |0.000
0|002684|7|  |0.000
0|000738|7|  |0.000
0|000816|7|  |0.000
0|002531|7|  |0.000
0|000728|7|  |0.000
0|002642|7|  |0.000
0|002432|7|  |0.000
0|002205|7|  |0.000
0|002933|7|  |0.000
0|002726|7|  |0.000
0|002015|7|  |0.000
0|002645|7|  |0.000
0|000422|7|  |0.000
0|002367|7|  |0.000
0|000953|7|  |0.000
0|002484|7|  |0.000
0|000961|7|  |0.000
0|002089|7|  |0.000
0|002798|7|  |0.000
0|002058|7|  |0.000
0|002669|7|  |0.000
0|000566|7|  |0.000
0|002084|7|  |0.000
0|002422|7|  |0.000
0|002511|7|  |0.000
0|002282|7|  |0.000
0|002527|7|  |0.000
0|002802|7|  |0.000
0|002235|7|  |0.000
0|002870|7|  |0.000
0|002202|7|  |0.000
0|002679|7|  |0.000
0|000963|7|  |0.000
0|000948|7|  |0.000
0|002586|7|  |0.000
0|002606|7|  |0.000
0|002787|7|  |0.000
0|002407|7|  |0.000
0|002371|7|  |0.000
0|000876|7|  |0.000
0|002773|7|  |0.000
0|002356|7|  |0.000
0|002054|7|  |0.000
0|000526|7|  |0.000
0|002589|7|  |0.000
0|002539|7|  |0.000
0|000971|7|  |0.000
0|002139|7|  |0.000
0|002512|7|  |0.000
0|002387|7|  |0.000
0|002611|7|  |0.000
0|002918|7|  |0.000
0|000962|7|  |0.000
0|002759|7|  |0.000
0|000918|7|  |0.000
0|002395|7|  |0.000
0|002770|7|  |0.000
0|000981|7|  |0.000
0|002068|7|  |0.000
0|002373|7|  |0.000
0|000596|7|  |0.000
0|000823|7|  |0.000
0|002079|7|  |0.000
0|002477|7|  |0.000
0|002138|7|  |0.000
0|002273|7|  |0.000
0|002915|7|  |0.000
0|002835|7|  |0.000
0|002318|7|  |0.000
0|002464|7|  |0.000
0|002220|7|  |0.000
0|002434|7|  |0.000
0|002795|7|  |0.000
0|002482|7|  |0.000
0|002120|7|  |0.000
0|000901|7|  |0.000
0|002681|7|  |0.000
0|002347|7|  |0.000
0|002193|7|  |0.000
0|000568|7|  |0.000
0|002457|7|  |0.000
0|002689|7|  |0.000
0|000670|7|  |0.000
0|002390|7|  |0.000
0|002236|7|  |0.000
0|002885|7|  |0.000
0|002144|7|  |0.000
0|002301|7|  |0.000
0|002819|7|  |0.000
0|002496|7|  |0.000
0|002475|7|  |0.000
0|002177|7|  |0.000
0|002817|7|  |0.000
0|002757|7|  |0.000
0|000707|7|  |0.000
0|000860|7|  |0.000
0|002766|7|  |0.000
0|002111|7|  |0.000
0|002383|7|  |0.000
0|000776|7|  |0.000
0|000062|7|  |0.000
0|002048|7|  |0.000
0|002143|7|  |0.000
0|002022|7|  |0.000
0|002901|7|  |0.000
0|000018|7|  |0.000
0|002846|7|  |0.000
0|000513|7|  |0.000
0|002415|7|  |0.000
0|002881|7|  |0.000
0|002618|7|  |0.000
0|002147|7|  |0.000
0|002040|7|  |0.000
0|002849|7|  |0.000
0|002348|7|  |0.000
0|002190|7|  |0.000
0|000713|7|  |0.000
0|002651|7|  |0.000
0|000976|7|  |0.000
0|002418|7|  |0.000
0|000905|7|  |0.000
0|002801|7|  |0.000
0|002895|7|  |0.000
0|002182|7|  |0.000
0|002483|7|  |0.000
0|000429|7|  |0.000
0|000416|7|  |0.000
0|002012|7|  |0.000
0|002180|7|  |0.000
0|002856|7|  |0.000
0|000806|7|  |0.000
0|002647|7|  |0.000
0|002232|7|  |0.000
0|002723|7|  |0.000
0|000718|7|  |0.000
0|002607|7|  |0.000
0|002516|7|  |0.000
0|002420|7|  |0.000
0|002122|7|  |0.000
0|000911|7|  |0.000
0|000760|7|  |0.000
0|002712|7|  |0.000
0|002811|7|  |0.000
0|002333|7|  |0.000
0|000697|7|  |0.000
0|002916|7|  |0.000
0|002410|7|  |0.000
0|000733|7|  |0.000
0|000626|7|  |0.000
0|002506|7|  |0.000
0|002872|7|  |0.000
0|002549|7|  |0.000
0|000028|7|  |0.000
0|002064|7|  |0.000
0|002253|7|  |0.000
0|002297|7|  |0.000
0|002515|7|  |0.000
0|002296|7|  |0.000
0|002381|7|  |0.000
0|002908|7|  |0.000
0|002049|7|  |0.000
0|002631|7|  |0.000
0|002858|7|  |0.000
0|000637|7|  |0.000
0|000732|7|  |0.000
0|002836|7|  |0.000
0|002231|7|  |0.000
0|002380|7|  |0.000
0|000893|7|  |0.000
0|002035|7|  |0.000
0|002650|7|  |0.000
0|000533|7|  |0.000
0|002861|7|  |0.000
0|002294|7|  |0.000
0|002332|7|  |0.000
0|002592|7|  |0.000
0|000851|7|  |0.000
0|000417|7|  |0.000
0|002696|7|  |0.000
0|002038|7|  |0.000
0|000678|7|  |0.000
0|000833|7|  |0.000
0|002551|7|  |0.000
0|002616|7|  |0.000
0|000155|7|  |0.000
0|002196|7|  |0.000
0|002249|7|  |0.000
0|002014|7|  |0.000
0|002520|7|  |0.000
0|002622|7|  |0.000
0|002052|7|  |0.000
0|002722|7|  |0.000
0|002006|7|  |0.000
0|002119|7|  |0.000
0|002909|7|  |0.000
0|002777|7|  |0.000
0|000608|7|  |0.000
0|000551|7|  |0.000
0|002922|7|  |0.000
0|002258|7|  |0.000
0|002878|7|  |0.000
0|002711|7|  |0.000
0|002215|7|  |0.000
0|002441|7|  |0.000
0|000768|7|  |0.000
0|002088|7|  |0.000
0|000856|7|  |0.000
0|002690|7|  |0.000
0|002259|7|  |0.000
0|002677|7|  |0.000
0|000567|7|  |0.000
0|002724|7|  |0.000
0|000661|7|  |0.000
0|000756|7|  |0.000
0|002550|7|  |0.000
0|002623|7|  |0.000
0|002265|7|  |0.000
0|002389|7|  |0.000
0|002649|7|  |0.000
0|002838|7|  |0.000
0|002409|7|  |0.000
0|002893|7|  |0.000
0|002446|7|  |0.000
0|000938|7|  |0.000
0|000858|7|  |0.000
0|002338|7|  |0.000
0|002664|7|  |0.000
0|000615|7|  |0.000
0|000688|7|  |0.000
0|002691|7|  |0.000
0|000090|7|  |0.000
0|000791|7|  |0.000
0|000523|7|  |0.000
0|002336|7|  |0.000
0|002050|7|  |0.000
0|002501|7|  |0.000
0|000681|7|  |0.000
0|002151|7|  |0.000
0|002156|7|  |0.000
0|002928|7|  |0.000
0|002397|7|  |0.000
0|002244|7|  |0.000
0|000403|7|  |0.000
0|002115|7|  |0.000
0|002667|7|  |0.000
0|000099|7|  |0.000
0|002471|7|  |0.000
0|000949|7|  |0.000
0|002897|7|  |0.000
0|002316|7|  |0.000
0|002093|7|  |0.000
0|002845|7|  |0.000
0|002366|7|  |0.000
0|002076|7|  |0.000
0|002023|7|  |0.000
0|002132|7|  |0.000
0|002467|7|  |0.000
0|000701|7|  |0.000
0|002386|7|  |0.000
0|002213|7|  |0.000
0|002153|7|  |0.000
0|000021|7|  |0.000
0|002398|7|  |0.000
0|002210|7|  |0.000
0|002005|7|  |0.000
0|002046|7|  |0.000
0|002625|7|  |0.000
0|000737|7|  |0.000
0|000504|7|  |0.000
0|002847|7|  |0.000
0|000881|7|  |0.000
0|000519|7|  |0.000
0|002357|7|  |0.000
0|002130|7|  |0.000
0|002489|7|  |0.000
0|000622|7|  |0.000
0|002850|7|  |0.000
0|002021|7|  |0.000
0|002808|7|  |0.000
0|002725|7|  |0.000
0|002454|7|  |0.000
0|002013|7|  |0.000
0|002763|7|  |0.000
0|002816|7|  |0.000
0|002170|7|  |0.000
0|000902|7|  |0.000
0|002771|7|  |0.000
0|002113|7|  |0.000
0|002334|7|  |0.000
0|000506|7|  |0.000
0|002161|7|  |0.000
0|002637|7|  |0.000
0|000521|7|  |0.000
0|000301|7|  |0.000
0|002879|7|  |0.000
0|002117|7|  |0.000
0|002824|7|  |0.000
0|000089|7|  |0.000
0|002134|7|  |0.000
0|002223|7|  |0.000
0|002129|7|  |0.000
0|000565|7|  |0.000
0|002593|7|  |0.000
0|000968|7|  |0.000
0|000430|7|  |0.000
0|002917|7|  |0.000
0|000606|7|  |0.000
0|002216|7|  |0.000
0|000990|7|  |0.000
0|002935|7|  |0.000
0|002166|7|  |0.000
0|002227|7|  |0.000
0|002890|7|  |0.000
0|002261|7|  |0.000
0|000016|7|  |0.000
0|002600|7|  |0.000
0|002608|7|  |0.000
0|002614|7|  |0.000
0|002629|7|  |0.000
0|002031|7|  |0.000
0|002240|7|  |0.000
0|000752|7|  |0.000
0|002029|7|  |0.000
0|000820|7|  |0.000
0|002339|7|  |0.000
0|002393|7|  |0.000
0|001979|7|  |0.000
0|002011|7|  |0.000
0|000060|7|  |0.000
0|002175|7|  |0.000
0|002661|7|  |0.000
0|000561|7|  |0.000
0|002693|7|  |0.000
0|002009|7|  |0.000
0|002575|7|  |0.000
0|002313|7|  |0.000
0|000586|7|  |0.000
0|002692|7|  |0.000
0|002813|7|  |0.000
0|000623|7|  |0.000
0|002194|7|  |0.000
0|002876|7|  |0.000
0|000069|7|  |0.000
0|002855|7|  |0.000
0|002028|7|  |0.000
0|002533|7|  |0.000
0|000411|7|  |0.000
0|002008|7|  |0.000
0|002929|7|  |0.000
0|002923|7|  |0.000
0|002391|7|  |0.000
0|000777|7|  |0.000
0|002500|7|  |0.000
0|002034|7|  |0.000
0|000665|7|  |0.000
0|000868|7|  |0.000
0|002772|7|  |0.000
0|000811|7|  |0.000
0|002508|7|  |0.000
0|002564|7|  |0.000
0|002448|7|  |0.000
0|002837|7|  |0.000
0|001965|7|  |0.000
0|002047|7|  |0.000
0|002453|7|  |0.000
0|002363|7|  |0.000
0|002429|7|  |0.000
0|000685|7|  |0.000
0|002753|7|  |0.000
0|002171|7|  |0.000
0|002714|7|  |0.000
0|002707|7|  |0.000
0|002400|7|  |0.000
0|002314|7|  |0.000
0|000888|7|  |0.000
0|000801|7|  |0.000
0|000931|7|  |0.000
0|002306|7|  |0.000
0|002292|7|  |0.000
0|002080|7|  |0.000
0|002417|7|  |0.000
0|002806|7|  |0.000
0|002597|7|  |0.000
0|002218|7|  |0.000
0|002951|7|  |0.000
0|002281|7|  |0.000
0|002948|7|  |0.000
0|000753|7|  |0.000
0|002823|7|  |0.000
0|002271|7|  |0.000
0|000793|7|  |0.000
0|002581|7|  |0.000
0|000611|7|  |0.000
0|000651|7|  |0.000
0|002447|7|  |0.000
0|002162|7|  |0.000
0|002632|7|  |0.000
0|000671|7|  |0.000
0|000985|7|  |0.000
0|002055|7|  |0.000
0|002280|7|  |0.000
0|002833|7|  |0.000
0|000423|7|  |0.000
0|002672|7|  |0.000
0|000010|7|  |0.000
0|002025|7|  |0.000
0|000838|7|  |0.000
0|002109|7|  |0.000
0|002437|7|  |0.000
0|002092|7|  |0.000
0|002755|7|  |0.000
0|000886|7|  |0.000
0|000652|7|  |0.000
0|000691|7|  |0.000
0|002295|7|  |0.000
0|002609|7|  |0.000
0|002528|7|  |0.000
0|002544|7|  |0.000
0|002652|7|  |0.000
0|000836|7|  |0.000
0|000589|7|  |0.000
0|000620|7|  |0.000
0|000755|7|  |0.000
0|002709|7|  |0.000
0|002542|7|  |0.000
0|002499|7|  |0.000
0|002778|7|  |0.000
0|002103|7|  |0.000
0|002275|7|  |0.000
0|000001|7|  |0.000
0|002248|7|  |0.000
0|000828|7|  |0.000
0|000757|7|  |0.000
0|002082|7|  |0.000
0|002480|7|  |0.000
0|002579|7|  |0.000
0|002831|7|  |0.000
0|002329|7|  |0.000
0|000166|7|  |0.000
0|000750|7|  |0.000
0|002826|7|  |0.000
0|002585|7|  |0.000
0|002169|7|  |0.000
0|002163|7|  |0.000
0|000516|7|  |0.000
0|000553|7|  |0.000
0|002779|7|  |0.000
0|002556|7|  |0.000
0|002030|7|  |0.000
0|000498|7|  |0.000
0|002094|7|  |0.000
0|002571|7|  |0.000
0|002319|7|  |0.000
0|002468|7|  |0.000
0|002719|7|  |0.000
0|002125|7|  |0.000
0|000910|7|  |0.000
0|002083|7|  |0.000
0|000829|7|  |0.000
0|000731|7|  |0.000
0|002866|7|  |0.000
0|000151|7|  |0.000
0|002026|7|  |0.000
0|000554|7|  |0.000
0|002907|7|  |0.000
0|002882|7|  |0.000
0|002620|7|  |0.000
0|002322|7|  |0.000
0|002743|7|  |0.000
0|002096|7|  |0.000
0|002514|7|  |0.000
0|002059|7|  |0.000
0|002532|7|  |0.000
0|000676|7|  |0.000
0|000788|7|  |0.000
0|002481|7|  |0.000
0|002485|7|  |0.000
0|000796|7|  |0.000
0|002439|7|  |0.000
0|000410|7|  |0.000
0|000821|7|  |0.000
0|002930|7|  |0.000
0|002104|7|  |0.000
0|002734|7|  |0.000
0|002583|7|  |0.000
0|002317|7|  |0.000
0|002518|7|  |0.000
0|002612|7|  |0.000
0|002698|7|  |0.000
0|000400|7|  |0.000
0|002241|7|  |0.000
0|002713|7|  |0.000
0|000048|7|  |0.000
0|002254|7|  |0.000
0|000039|7|  |0.000
0|002862|7|  |0.000
0|002262|7|  |0.000
0|000617|7|  |0.000
0|000977|7|  |0.000
0|000034|7|  |0.000
0|000525|7|  |0.000
0|000333|7|  |0.000
0|002674|7|  |0.000
0|002880|7|  |0.000
0|002657|7|  |0.000
0|002884|7|  |0.000
0|002825|7|  |0.000
0|002790|7|  |0.000
0|002769|7|  |0.000
0|002767|7|  |0.000
0|002750|7|  |0.000
0|002749|7|  |0.000
0|002718|7|  |0.000
0|002717|7|  |0.000
0|002703|7|  |0.000
0|002687|7|  |0.000
0|002685|7|  |0.000
0|002675|7|  |0.000
0|002673|7|  |0.000
0|002663|7|  |0.000
0|002660|7|  |0.000
0|002656|7|  |0.000
0|002655|7|  |0.000
0|002654|7|  |0.000
0|002646|7|  |0.000
0|002588|7|  |0.000
0|002578|7|  |0.000
0|002577|7|  |0.000
0|002574|7|  |0.000
0|002566|7|  |0.000
0|002563|7|  |0.000
0|002553|7|  |0.000
0|002545|7|  |0.000
0|002536|7|  |0.000
0|002521|7|  |0.000
0|002492|7|  |0.000
0|002476|7|  |0.000
0|002469|7|  |0.000
0|002452|7|  |0.000
0|002450|7|  |0.000
0|002445|7|  |0.000
0|002443|7|  |0.000
0|002427|7|  |0.000
0|002421|7|  |0.000
0|002413|7|  |0.000
0|002404|7|  |0.000
0|002402|7|  |0.000
0|002392|7|  |0.000
0|002375|7|  |0.000
0|002372|7|  |0.000
0|002351|7|  |0.000
0|002350|7|  |0.000
0|002345|7|  |0.000
0|002337|7|  |0.000
0|002323|7|  |0.000
0|002320|7|  |0.000
0|002312|7|  |0.000
0|002309|7|  |0.000
0|002308|7|  |0.000
0|002305|7|  |0.000
0|002304|7|  |0.000
0|002303|7|  |0.000
0|002298|7|  |0.000
0|002284|7|  |0.000
0|002224|7|  |0.000
0|002209|7|  |0.000
0|002208|7|  |0.000
0|002186|7|  |0.000
0|002185|7|  |0.000
0|002145|7|  |0.000
0|002133|7|  |0.000
0|002127|7|  |0.000
0|002126|7|  |0.000
0|002107|7|  |0.000
0|002106|7|  |0.000
0|002102|7|  |0.000
0|002101|7|  |0.000
0|002095|7|  |0.000
0|002078|7|  |0.000
0|002073|7|  |0.000
0|002072|7|  |0.000
0|002066|7|  |0.000
0|002065|7|  |0.000
0|002018|7|  |0.000
0|000983|7|  |0.000
0|000972|7|  |0.000
0|000950|7|  |0.000
0|000937|7|  |0.000
0|000922|7|  |0.000
0|000913|7|  |0.000
0|000903|7|  |0.000
0|000889|7|  |0.000
0|000883|7|  |0.000
0|000875|7|  |0.000
0|000850|7|  |0.000
0|000837|7|  |0.000
0|000822|7|  |0.000
0|000809|7|  |0.000
0|000807|7|  |0.000
0|000798|7|  |0.000
0|000722|7|  |0.000
0|000719|7|  |0.000
0|000705|7|  |0.000
0|000686|7|  |0.000
0|000683|7|  |0.000
0|000668|7|  |0.000
0|000667|7|  |0.000
0|000650|7|  |0.000
0|000635|7|  |0.000
0|000629|7|  |0.000
0|000595|7|  |0.000
0|000584|7|  |0.000
0|000581|7|  |0.000
0|000557|7|  |0.000
0|000528|7|  |0.000
0|000338|7|  |0.000
0|000068|7|  |0.000
0|000065|7|  |0.000
0|000061|7|  |0.000
0|000046|7|  |0.000
0|000029|7|  |0.000
0|000019|7|  |0.000
0|000002|7|  |0.000
0|002956|7|  |0.000
0|002729|7|  |0.000
0|002940|7|  |0.000
0|002892|7|  |0.000
0|002883|7|  |0.000
0|002829|7|  |0.000
0|000988|7|  |0.000
0|002287|7|  |0.000
0|002899|7|  |0.000
0|002039|7|  |0.000
0|002912|7|  |0.000
0|002857|7|  |0.000
0|002412|7|  |0.000
0|002820|7|  |0.000
0|000666|7|  |0.000
0|002493|7|  |0.000
0|002741|7|  |0.000
0|002222|7|  |0.000
0|000597|7|  |0.000
0|002812|7|  |0.000
0|000628|7|  |0.000
0|000004|7|  |0.000
0|000032|7|  |0.000
0|002364|7|  |0.000
0|002293|7|  |0.000
0|000735|7|  |0.000
0|002411|7|  |0.000
0|002158|7|  |0.000
0|002561|7|  |0.000
0|002238|7|  |0.000
0|000063|7|  |0.000
0|002730|7|  |0.000
0|000402|7|  |0.000
0|002267|7|  |0.000
0|002573|7|  |0.000
0|002529|7|  |0.000
0|000736|7|  |0.000
0|000026|7|  |0.000
0|000502|7|  |0.000
0|002627|7|  |0.000
0|002382|7|  |0.000
0|002598|7|  |0.000
0|000045|7|  |0.000
0|000926|7|  |0.000
0|002137|7|  |0.000
0|002152|7|  |0.000
0|002449|7|  |0.000
0|002459|7|  |0.000
0|002797|7|  |0.000
0|002455|7|  |0.000
0|000507|7|  |0.000
0|000037|7|  |0.000
0|002739|7|  |0.000
0|002634|7|  |0.000
0|002781|7|  |0.000
0|002587|7|  |0.000
0|002745|7|  |0.000
0|002335|7|  |0.000
0|000978|7|  |0.000
0|002839|7|  |0.000
0|000541|7|  |0.000
0|000150|7|  |0.000
0|002688|7|  |0.000
0|002538|7|  |0.000
0|002628|7|  |0.000
0|000802|7|  |0.000
0|002936|7|  |0.000
0|002543|7|  |0.000
0|000739|7|  |0.000
0|002291|7|  |0.000
0|002045|7|  |0.000
0|002036|7|  |0.000
0|002913|7|  |0.000
0|002927|7|  |0.000
0|002815|7|  |0.000
0|000715|7|  |0.000
0|002671|7|  |0.000
0|002465|7|  |0.000
0|002105|7|  |0.000
0|002807|7|  |0.000
0|002121|7|  |0.000
0|002358|7|  |0.000
0|000819|7|  |0.000
0|000421|7|  |0.000
0|002344|7|  |0.000
0|002326|7|  |0.000
0|002435|7|  |0.000
0|002727|7|  |0.000
0|002100|7|  |0.000
0|000530|7|  |0.000
0|000778|7|  |0.000
0|002821|7|  |0.000
0|000563|7|  |0.000
0|002949|7|  |0.000
0|002519|7|  |0.000
0|000404|7|  |0.000
0|002255|7|  |0.000
0|002063|7|  |0.000
0|002016|7|  |0.000
0|002748|7|  |0.000
0|000721|7|  |0.000
0|000790|7|  |0.000
0|002474|7|  |0.000
0|002328|7|  |0.000
0|000933|7|  |0.000
0|000825|7|  |0.000
0|002017|7|  |0.000
0|002788|7|  |0.000
0|000538|7|  |0.000
0|002075|7|  |0.000
0|000415|7|  |0.000
0|002491|7|  |0.000
0|002283|7|  |0.000
0|002087|7|  |0.000
0|002943|7|  |0.000
0|000965|7|  |0.000
0|002051|7|  |0.000
0|002659|7|  |0.000
0|002178|7|  |0.000
0|000407|7|  |0.000
0|002195|7|  |0.000
0|000909|7|  |0.000
0|002327|7|  |0.000
0|002243|7|  |0.000
0|002086|7|  |0.000
0|000898|7|  |0.000
0|000759|7|  |0.000
0|000780|7|  |0.000
0|000555|7|  |0.000
0|002507|7|  |0.000
0|002444|7|  |0.000
0|002396|7|  |0.000
0|002535|7|  |0.000
0|002644|7|  |0.000
0|002324|7|  |0.000
0|002198|7|  |0.000
0|002635|7|  |0.000
0|002173|7|  |0.000
0|002643|7|  |0.000
0|002486|7|  |0.000
0|000537|7|  |0.000
0|002277|7|  |0.000
0|001872|7|  |0.000
0|000025|7|  |0.000
0|002067|7|  |0.000
0|002869|7|  |0.000
0|002886|7|  |0.000
0|000712|7|  |0.000
0|002118|7|  |0.000
0|002619|7|  |0.000
0|000789|7|  |0.000
0|002785|7|  |0.000
0|002495|7|  |0.000
0|002154|7|  |0.000
0|000975|7|  |0.000
0|000059|7|  |0.000
0|002060|7|  |0.000
0|002572|7|  |0.000
0|002097|7|  |0.000
0|002207|7|  |0.000
0|002033|7|  |0.000
0|002670|7|  |0.000
0|000639|7|  |0.000
0|000989|7|  |0.000
0|002568|7|  |0.000
0|002638|7|  |0.000
0|002498|7|  |0.000
0|000709|7|  |0.000
0|002557|7|  |0.000
0|000428|7|  |0.000
0|002352|7|  |0.000
0|002848|7|  |0.000
0|000070|7|  |0.000
0|002762|7|  |0.000
0|002919|7|  |0.000
0|000880|7|  |0.000
0|002091|7|  |0.000
0|002896|7|  |0.000
0|000088|7|  |0.000
0|002135|7|  |0.000
0|000890|7|  |0.000
0|002903|7|  |0.000
0|002217|7|  |0.000
0|002503|7|  |0.000
0|000552|7|  |0.000
0|002473|7|  |0.000
0|002226|7|  |0.000
0|002559|7|  |0.000
0|000919|7|  |0.000
0|002081|7|  |0.000
0|002840|7|  |0.000
0|002438|7|  |0.000
0|002230|7|  |0.000
0|002290|7|  |0.000
0|002269|7|  |0.000
0|002362|7|  |0.000
0|000413|7|  |0.000
0|000887|7|  |0.000
0|002565|7|  |0.000
0|002889|7|  |0.000
0|002394|7|  |0.000
0|002830|7|  |0.000
0|000014|7|  |0.000
0|002228|7|  |0.000
0|002786|7|  |0.000
0|000967|7|  |0.000
0|002176|7|  |0.000
0|000726|7|  |0.000
0|000908|7|  |0.000
0|002179|7|  |0.000
0|000630|7|  |0.000
0|002423|7|  |0.000
0|000897|7|  |0.000
0|000419|7|  |0.000
0|000598|7|  |0.000
0|002666|7|  |0.000
0|002891|7|  |0.000
0|002742|7|  |0.000
0|002490|7|  |0.000
0|002653|7|  |0.000
0|002621|7|  |0.000
0|002758|7|  |0.000
0|002181|7|  |0.000
0|002791|7|  |0.000
0|000599|7|  |0.000
0|002853|7|  |0.000
0|000017|7|  |0.000
0|000590|7|  |0.000
0|002353|7|  |0.000
0|002488|7|  |0.000
0|002184|7|  |0.000
0|000792|7|  |0.000
0|000585|7|  |0.000
0|002461|7|  |0.000
0|002602|7|  |0.000
0|002534|7|  |0.000
0|000056|7|  |0.000
0|000960|7|  |0.000
0|002007|7|  |0.000
0|000799|7|  |0.000
0|002906|7|  |0.000
0|000848|7|  |0.000
0|002245|7|  |0.000
0|000156|7|  |0.000
0|002487|7|  |0.000
0|000012|7|  |0.000
0|002187|7|  |0.000
0|002780|7|  |0.000
0|002168|7|  |0.000
0|002697|7|  |0.000
0|000153|7|  |0.000
0|002211|7|信息安全  |0.000
0|002148|7|  |0.000
0|000532|7|  |0.000
0|002200|7|  |0.000
0|000982|7|  |0.000
0|002926|7|  |0.000
0|000885|7|  |0.000
0|000786|7|  |0.000
0|000539|7|  |0.000
0|002942|7|  |0.000
0|000698|7|  |0.000
0|002044|7|  |0.000
0|002369|7|  |0.000
0|000572|7|  |0.000
0|002406|7|  |0.000
0|000605|7|  |0.000
0|002206|7|  |0.000
0|000785|7|  |0.000
0|002408|7|  |0.000
0|000559|7|  |0.000
0|002376|7|  |0.000
0|000993|7|  |0.000
0|002062|7|  |0.000
0|002349|7|  |0.000
0|000703|7|  |0.000
0|002596|7|  |0.000
0|002560|7|  |0.000
0|000915|7|  |0.000
0|000716|7|  |0.000
0|002950|7|  |0.000
0|002343|7|  |0.000
0|002721|7|  |0.000
0|002732|7|  |0.000
0|000930|7|  |0.000
0|002576|7|  |0.000
0|002792|7|  |0.000
0|002239|7|  |0.000
0|000009|7|锂电池  |0.000
0|002610|7|  |0.000
0|002530|7|  |0.000
0|000632|7|  |0.000
0|002580|7|  |0.000
0|000006|7|  |0.000
0|000725|7|  |0.000
0|002695|7|  |0.000
0|002300|7|  |0.000
0|002472|7|  |0.000
0|000673|7|  |0.000
0|000708|7|  |0.000
0|002069|7|  |0.000
0|002221|7|  |0.000
0|002873|7|  |0.000
0|002346|7|  |0.000
0|002342|7|  |0.000
0|002615|7|  |0.000
0|000863|7|  |0.000
0|000959|7|  |0.000
0|002436|7|  |0.000
0|000636|7|  |0.000
0|000751|7|  |0.000
0|002502|7|  |0.000
0|002851|7|  |0.000
0|002497|7|  |0.000
0|002925|7|  |0.000
0|002665|7|  |0.000
0|002584|7|  |0.000
0|000720|7|  |0.000
0|002599|7|  |0.000
0|002676|7|  |0.000
0|002911|7|  |0.000
0|000766|7|  |0.000
0|002279|7|  |0.000
0|002728|7|  |0.000
0|000633|7|  |0.000
0|002165|7|  |0.000
0|002379|7|  |0.000
0|000570|7|  |0.000
0|002032|7|  |0.000
0|002479|7|  |0.000
0|002414|7|  |0.000
0|002852|7|  |0.000
0|000826|7|  |0.000
0|002752|7|  |0.000
0|002024|7|  |0.000
0|000998|7|  |0.000
0|000612|7|  |0.000
0|000591|7|  |0.000
0|000031|7|  |0.000
0|000627|7|  |0.000
0|002462|7|  |0.000
0|002004|7|  |0.000
0|000900|7|  |0.000
0|000547|7|  |0.000
0|002541|7|  |0.000
0|002268|7|  |0.000
0|000690|7|  |0.000
0|002355|7|  |0.000
0|000659|7|  |0.000
0|002590|7|  |0.000
0|002715|7|  |0.000
0|000631|7|  |0.000
0|000662|7|  |0.000
0|000710|7|  |0.000
0|002630|7|  |0.000
0|002285|7|  |0.000
0|002124|7|  |0.000
0|002219|7|  |0.000
0|002365|7|  |0.000
0|002613|7|  |0.000
0|002546|7|  |0.000
0|002384|7|  |0.000
0|002256|7|  |0.000
0|000536|7|  |0.000
0|000761|7|  |0.000
0|002098|7|  |0.000
0|000835|7|  |0.000
0|000023|7|  |0.000
0|000695|7|  |0.000
0|000980|7|  |0.000
0|002765|7|  |0.000
0|000042|7|  |0.000
0|000782|7|  |0.000
0|002636|7|  |0.000
0|002424|7|  |0.000
0|000157|7|  |0.000
0|002818|7|  |0.000
0|002510|7|  |0.000
0|000973|7|  |0.000
0|002361|7|  |0.000
0|002494|7|  |0.000
0|000800|7|  |0.000
0|002639|7|  |0.000
0|002203|7|  |0.000
0|000861|7|  |0.000
0|000049|7|  |0.000
0|000158|7|  |0.000
0|002360|7|  |0.000
0|002307|7|  |0.000
0|000657|7|  |0.000
0|000420|7|  |0.000
0|000839|7|  |0.000
0|000593|7|  |0.000
0|002946|7|  |0.000
0|000899|7|  |0.000
0|002737|7|  |0.000
0|002898|7|  |0.000
0|000783|7|  |0.000
0|002426|7|  |0.000
0|002405|7|  |0.000
0|000545|7|  |0.000
0|000055|7|  |0.000
0|000663|7|  |0.000
0|002159|7|  |0.000
0|000564|7|  |0.000
0|000700|7|  |0.000
0|000882|7|  |0.000
0|000534|7|  |0.000
0|002433|7|  |0.000
0|002331|7|  |0.000
0|002569|7|  |0.000
0|000546|7|  |0.000
0|002843|7|  |0.000
0|000862|7|  |0.000
0|000027|7|  |0.000
0|000935|7|  |0.000
0|002859|7|  |0.000
0|002701|7|  |0.000
0|002140|7|  |0.000
0|002799|7|  |0.000
0|002302|7|  |0.000
0|002796|7|  |0.000
0|002554|7|  |0.000
0|002157|7|  |0.000
0|002340|7|  |0.000
0|002160|7|  |0.000
0|002266|7|  |0.000
0|000066|7|  |0.000
0|002760|7|  |0.000
0|000043|7|  |0.000
0|000917|7|  |0.000
0|002141|7|  |0.000
0|002197|7|  |0.000
0|000524|7|  |0.000
0|000518|7|  |0.000
0|000425|7|  |0.000
0|002183|7|  |0.000
0|000543|7|  |0.000
0|000682|7|  |0.000
0|000587|7|  |0.000
0|000996|7|  |0.000
0|002504|7|  |0.000
0|000520|7|  |0.000
0|000810|7|  |0.000
0|000952|7|  |0.000
0|002900|7|  |0.000
0|000969|7|  |0.000
0|002368|7|  |0.000
0|002809|7|  |0.000
0|002683|7|  |0.000
0|000548|7|  |0.000
0|002264|7|  |0.000
0|000058|7|  |0.000
0|000573|7|  |0.000
0|000100|7|  |0.000
0|002864|7|  |0.000
0|000619|7|  |0.000
0|000955|7|  |0.000
0|002603|7|  |0.000
0|002555|7|  |0.000
0|000007|7|  |0.000
0|002374|7|  |0.000
0|002003|7|  |0.000
0|000923|7|  |0.000
0|002027|7|  |0.000
0|002952|7|  |0.000
0|002921|7|  |0.000
0|002325|7|  |0.000
0|002247|7|  |0.000
0|002425|7|  |0.000
0|002782|7|  |0.000
0|000426|7|  |0.000
0|002633|7|  |0.000
0|000852|7|  |0.000
0|002958|7|  |0.000
0|002524|7|  |0.000
0|000672|7|  |0.000
0|002252|7|  |0.000
0|000878|7|  |0.000
0|000616|7|  |0.000
0|002019|7|  |0.000
0|000687|7|  |0.000
0|002251|7|  |0.000
0|000560|7|  |0.000
0|000540|7|  |0.000
0|002466|7|  |0.000
0|000929|7|  |0.000
0|001696|7|  |0.000
0|002947|7|  |0.000
0|002419|7|  |0.000
0|002108|7|  |0.000
0|000501|7|  |0.000
0|000096|7|  |0.000
0|000762|7|  |0.000
0|000582|7|  |0.000
0|002905|7|  |0.000
0|002274|7|  |0.000
0|002074|7|  |0.000
0|002640|7|  |0.000
0|000729|7|  |0.000
0|002128|7|  |0.000
0|002403|7|  |0.000
0|002694|7|  |0.000
0|002270|7|  |0.000
0|002939|7|  |0.000
0|000505|7|  |0.000
0|002042|7|  |0.000
0|002131|7|  |0.000
0|000767|7|  |0.000
0|002540|7|  |0.000
0|001896|7|  |0.000
0|000797|7|  |0.000
0|002225|7|  |0.000
0|000030|7|  |0.000
0|002071|7|  |0.000
0|002456|7|  |0.000
0|002937|7|  |0.000
0|002910|7|  |0.000
0|000813|7|  |0.000
0|000159|7|  |0.000
0|000997|7|  |0.000
0|002716|7|  |0.000
0|002842|7|  |0.000
0|000625|7|  |0.000
0|000529|7|  |0.000
0|002558|7|  |0.000
0|002428|7|  |0.000
0|000609|7|  |0.000
0|000078|7|  |0.000
0|002155|7|  |0.000
0|002416|7|  |0.000
0|000951|7|  |0.000
0|000050|7|  |0.000
0|002188|7|  |0.000
0|002868|7|  |0.000
0|002460|7|  |0.000
0|002706|7|  |0.000
0|002756|7|  |0.000
0|000503|7|  |0.000
0|002733|7|  |0.000
0|000859|7|  |0.000
0|002953|7|  |0.000
0|002286|7|  |0.000
0|002686|7|  |0.000
0|002229|7|  |0.000
0|002451|7|  |0.000
0|000830|7|  |0.000
0|000927|7|  |0.000
0|002212|7|  |0.000
0|002562|7|  |0.000
0|002678|7|  |0.000
0|000610|7|  |0.000
0|002867|7|  |0.000
0|002378|7|  |0.000
0|000928|7|  |0.000
0|000795|7|  |0.000
0|000488|7|  |0.000
0|002938|7|  |0.000
0|000920|7|  |0.000
0|002768|7|  |0.000
0|002002|7|  |0.000
0|002053|7|  |0.000
0|002827|7|  |0.000
0|002359|7|  |0.000
0|002399|7|  |0.000
0|000005|7|  |0.000
0|002920|7|  |0.000
0|002783|7|  |0.000
0|000936|7|  |0.000
0|000517|7|  |0.000
0|000008|7|  |0.000
0|002736|7|  |0.000
0|002311|7|  |0.000
0|002150|7|  |0.000
0|000895|7|  |0.000
0|000040|7|  |0.000
0|002463|7|  |0.000
0|002299|7|  |0.000
0|002377|7|  |0.000
0|002001|7|  |0.000
0|000727|7|  |0.000
0|000603|7|  |0.000
0|000717|7|  |0.000
0|002114|7|  |0.000
0|000711|7|  |0.000
0|002865|7|  |0.000
0|002877|7|  |0.000
0|002941|7|  |0.000
0|000815|7|  |0.000
0|002043|7|  |0.000
0|002548|7|  |0.000
0|000601|7|  |0.000
0|002440|7|  |0.000
0|002310|7|  |0.000
0|002931|7|  |0.000
0|002863|7|  |0.000
0|002841|7|  |0.000
0|002567|7|  |0.000
0|002233|7|  |0.000
0|000509|7|  |0.000
0|002624|7|  |0.000
0|002116|7|  |0.000
0|002570|7|  |0.000
0|000600|7|  |0.000
0|000932|7|  |0.000
0|002385|7|  |0.000
0|002626|7|  |0.000
0|000680|7|  |0.000
0|002146|7|  |0.000
0|002699|7|  |0.000
0|002513|7|  |0.000
0|002509|7|  |0.000
0|000906|7|  |0.000
0|002061|7|  |0.000
0|002522|7|  |0.000
0|002110|7|  |0.000
0|002315|7|  |0.000
0|002601|7|  |0.000
0|002505|7|  |0.000
0|000544|7|  |0.000
0|000531|7|  |0.000
0|002751|7|  |0.000
0|002517|7|  |0.000
0|000558|7|  |0.000
0|000020|7|  |0.000
0|002547|7|  |0.000
0|002470|7|  |0.000
0|002617|7|  |0.000
0|000613|7|  |0.000
0|002708|7|  |0.000
0|000702|7|  |0.000
0|002641|7|  |0.000
0|002020|7|  |0.000
0|002662|7|  |0.000
0|002172|7|  |0.000
0|002214|7|  |0.000
0|002085|7|  |0.000
0|002594|7|  |0.000
0|002167|7|  |0.000
0|000758|7|  |0.000
0|002341|7|  |0.000
0|000957|7|山东国资  |0.000
0|002526|7|  |0.000
0|002276|7|  |0.000
0|002828|7|  |0.000
0|002189|7|  |0.000
0|000576|7|  |0.000
0|000723|7|  |0.000
0|002761|7|  |0.000
0|002164|7|  |0.000
0|002702|7|  |0.000
0|000011|7|  |0.000
0|002738|7|  |0.000
0|002192|7|  |0.000
0|000510|7|  |0.000
0|002668|7|  |0.000
0|002537|7|  |0.000
0|002430|7|  |0.000
0|000692|7|  |0.000
0|002242|7|  |0.000
0|002595|7|  |0.000
0|000987|7|  |0.000
0|002747|7|  |0.000
0|002700|7|  |0.000
0|000970|7|  |0.000
0|002201|7|  |0.000
0|000592|7|  |0.000
0|000669|7|  |0.000
0|000036|7|  |0.000
0|002250|7|  |0.000
0|002776|7|  |0.000
0|002523|7|  |0.000
0|002136|7|  |0.000
0|000408|7|  |0.000
0|002735|7|  |0.000
0|002354|7|  |0.000
0|002199|7|  |0.000
0|002932|7|  |0.000
0|000812|7|  |0.000
0|002272|7|  |0.000
0|002648|7|  |0.000
0|002142|7|  |0.000
0|000656|7|  |0.000
0|000803|7|  |0.000
0|002955|7|  |0.000
0|000677|7|  |0.000
0|000921|7|  |0.000
0|000638|7|  |0.000
0|002789|7|  |0.000
0|002246|7|  |0.000
0|002204|7|  |0.000
0|002057|7|  |0.000
0|000877|7|  |0.000
0|002658|7|  |0.000
0|002458|7|  |0.000
0|002321|7|  |0.000
0|002810|7|  |0.000
0|002099|7|  |0.000
0|002077|7|  |0.000
0|002887|7|  |0.000
0|002582|7|  |0.000
0|002237|7|  |0.000
0|002289|7|  |0.000
0|002431|7|  |0.000
0|000958|7|  |0.000
0|002041|7|  |0.000
0|002871|7|  |0.000
0|002552|7|  |0.000
0|000514|7|  |0.000
0|000779|7|  |0.000
0|002775|7|  |0.000
0|000925|7|  |0.000
0|002746|7|  |0.000
0|002234|7|  |0.000
0|002832|7|  |0.000
0|002112|7|  |0.000
0|000869|7|  |0.000
0|002056|7|  |0.000
0|000831|7|  |0.000
0|002478|7|  |0.000
0|000999|7|  |0.000
0|000409|7|  |0.000
0|002401|7|  |0.000
0|002191|7|  |0.000
0|000966|7|  |0.000
0|002705|7|  |0.000
0|002800|7|  |0.000
0|000550|7|  |0.000
0|002805|7|  |0.000
0|002591|7|  |0.000
0|002945|7|  |0.000
0|000655|7|  |0.000
0|000035|7|  |0.000
0|000679|7|  |0.000
0|002370|7|  |0.000
0|002174|7|  |0.000
0|000892|7|  |0.000
0|002731|7|  |0.000
0|002010|7|  |0.000
0|002037|7|  |0.000
0|002263|7|  |0.000
0|002875|7|  |0.000
0|002278|7|  |0.000
0|000818|7|  |0.000
0|000401|7|  |0.000
0|002149|7|  |0.000
0|002330|7|  |0.000
0|002888|7|  |0.000
0|002682|7|  |0.000
0|002803|7|  |0.000
0|002860|7|  |0.000
0|002966|7|  |0.000
0|002957|7|  |0.000
0|002680|7|  |0.000
0|002604|7|  |0.000
0|002260|7|  |0.000
0|000995|7|  |0.000
0|000939|7|  |0.000
0|002959|7|  |0.000
0|002960|7|  |0.000
0|003816|7|  |0.000
0|002961|7|  |0.000
0|002962|7|  |0.000
0|002963|7|  |0.000
0|002965|7|  |0.000
0|002967|7|  |0.000
0|002968|7|  |0.000
0|002969|7|  |0.000
0|002970|7|  |0.000
0|002971|7|  |0.000
0|002972|7|  |0.000
0|001914|7|  |0.000
0|002973|7|  |0.000
0|002975|7|  |0.000
0|002976|7|  |0.000
0|002977|7|  |0.000
0|002978|7|  |0.000
0|002979|7|  |0.000
0|002980|7|  |0.000
0|002982|7|  |0.000
0|002981|7|  |0.000
0|002985|7|  |0.000
0|002983|7|  |0.000
0|002987|7|  |0.000
0|002986|7|  |0.000
0|002988|7|  |0.000
0|002989|7|  |0.000
0|002990|7|  |0.000
0|002992|7|  |0.000
0|002991|7|  |0.000
0|002995|7|  |0.000
0|002993|7|  |0.000
0|002996|7|  |0.000
0|002999|7|  |0.000
0|002998|7|  |0.000
0|002997|7|  |0.000
0|002984|7|  |0.000
0|003001|7|  |0.000
0|003000|7|  |0.000
0|003002|7|  |0.000
0|003006|7|  |0.000
0|003005|7|  |0.000
0|003003|7|  |0.000
0|003010|7|  |0.000
0|003009|7|  |0.000
0|003008|7|  |0.000
0|003007|7|  |0.000
0|003011|7|  |0.000
0|003012|7|  |0.000
0|003015|7|  |0.000
0|003013|7|  |0.000
0|003016|7|  |0.000
0|003017|7|  |0.000
0|003018|7|  |0.000
0|003019|7|  |0.000
0|003020|7|  |0.000
0|003004|7|  |0.000
0|002720|7|  |0.000
0|002710|7|  |0.000
0|003021|7|  |0.000
0|003022|7|  |0.000
0|003025|7|  |0.000
0|003023|7|  |0.000
0|003027|7|  |0.000
0|003026|7|  |0.000
0|003029|7|  |0.000
0|003028|7|  |0.000
0|003031|7|  |0.000
0|003030|7|  |0.000
0|003033|7|  |0.000
0|003032|7|  |0.000
0|003035|7|  |0.000
0|003036|7|  |0.000
0|003037|7|  |0.000
0|003038|7|  |0.000
0|003039|7|  |0.000
0|003040|7|  |0.000
0|003042|7|  |0.000
0|003041|7|  |0.000
0|003043|7|  |0.000
0|001201|7|  |0.000
0|001202|7|  |0.000
0|001203|7|  |0.000
0|001205|7|  |0.000
0|001206|7|  |0.000
0|001208|7|  |0.000
0|001207|7|  |0.000
0|001209|7|  |0.000
0|001210|7|  |0.000
0|001212|7|  |0.000
0|001211|7|  |0.000
0|001213|7|  |0.000
0|001215|7|  |0.000
0|001216|7|  |0.000
0|001217|7|  |0.000
0|001218|7|  |0.000
0|001219|7|  |0.000
0|001288|7|  |0.000
0|001317|7|  |0.000
0|001267|7|  |0.000
0|001296|7|  |0.000
