代码	名称	涨幅%	封单额	涨速%	总金额	量比	换手%	振幅%	现价	买价	卖价	涨跌	总量	现量	今开	最高	最低	昨收	市盈(动)	细分行业	地区	均价	内盘	外盘	内外比	买量	卖量	未匹配量	开盘金额	开盘换手Z	封成比	流通股(亿)	流通市值	AB股总市值	强弱度%	活跃度	笔均量	笔换手%	连涨天	昨涨幅%	3日涨幅%	20日涨幅%	60日涨幅%	年初至今%	年涨停天	换手Z	流通市值Z	流通比例Z%	
000046	*ST泛海	-5.08	8959.57	0.00	13563.08	  0.36	          1.16	3.81	2.24	--  	2.24	-0.12	602339	6035	2.25	2.33	2.24	2.36	--  	多元金融	北京	2.25	271118	331221	  0.82	0	399981	--  	2046.57	          0.44	0.66	         51.74	        115.89亿	        116.39亿	 -5.91	   1251	    481	        0.0009	-2	-4.84	-6.27	5.17	100.00	79.20	38	          2.93	         45.98亿	         39.51	
002776	*ST柏龙	-5.03	--  	0.00	7114.28	  1.23	          8.71	3.14	1.51	1.51	1.52	-0.08	468637	4957	1.55	1.56	1.51	1.59	--  	服饰	广东	1.52	207043	261594	  0.79	7389	5575	--  	183.07	          0.34	--  	          5.38	          8.12亿	          8.12亿	 -5.86	   1247	    376	        0.0070	-4	-4.79	-10.12	-13.71	-36.29	-50.49	38	         13.64	          5.19亿	         63.88	
000752	*ST西发	-4.99	13919.76	0.00	1570.85	  0.10	          0.70	0.00	8.56	--  	8.56	-0.45	18351	51	8.56	8.56	8.56	9.01	--  	啤酒	西藏	8.56	4558	13793	  0.33	0	162614	--  	775.79	          0.49	8.86	          2.64	         22.58亿	         22.58亿	 -5.82	    451	     41	        0.0015	-8	-4.96	-14.23	9.18	105.77	110.84	36	          0.99	         15.82亿	         70.06	
600306	*ST商城	-4.98	--  	-0.39	2368.04	  1.10	          1.34	3.16	9.92	9.92	9.94	-0.52	23702	339	10.25	10.25	9.92	10.44	--  	百货	辽宁	9.99	15334	8368	  1.83	6	20	--  	17.94	          0.02	--  	          1.77	         17.61亿	         22.97亿	 -5.92	    570	     42	        0.0023	-1	0.97	-1.58	25.57	23.53	16.70	20	          2.35	         10.01亿	         43.59	
000697	*ST炼石	-4.98	1795.96	0.00	2795.66	  1.22	          1.04	3.53	4.58	--  	4.58	-0.24	60566	136	4.68	4.75	4.58	4.82	--  	航空	陕西	4.62	30863	29703	  1.04	0	39213	--  	199.09	          0.10	0.65	          5.81	         26.63亿	         30.76亿	 -5.81	    656	     92	        0.0016	-2	-4.93	-9.66	-10.55	-26.37	-36.39	11	          1.43	         19.41亿	         63.09	
000796	*ST凯撒	-4.96	222.15	0.00	4439.86	  2.95	          1.50	5.48	3.64	--  	3.64	-0.19	120711	417	3.82	3.85	3.64	3.83	--  	旅游服务	海南	3.68	75634	45077	  1.68	0	6103	--  	2.10	          0.00	0.05	          8.03	         29.23亿	         29.23亿	 -5.79	   1115	    108	        0.0013	-1	0.79	-3.44	-5.46	-16.32	-42.04	28	          2.89	         15.20亿	         51.99	
002002	ST鸿达	-4.92	35662.95	0.00	576.69	  0.05	          0.11	0.00	1.74	--  	1.74	-0.09	33143	130	1.74	1.74	1.74	1.83	--  	化工原料	江苏	1.74	1021	32122	  0.03	0	2049595	--  	33.27	          0.01	61.84	         31.00	         53.94亿	         54.32亿	 -5.75	    860	     39	        0.0001	-1	0.00	-5.94	-18.31	-22.32	-46.30	0	          0.13	         44.11亿	         81.21	
000615	*ST美谷	-4.88	76.17	0.00	15349.32	  1.07	          5.08	6.10	3.90	--  	3.90	-0.20	386753	973	4.15	4.15	3.90	4.10	--  	医疗保健	湖北	3.97	211887	174866	  1.21	0	1953	--  	131.72	          0.06	0.01	          7.62	         29.71亿	         29.76亿	 -5.71	   2450	    158	        0.0021	-3	-4.87	-13.14	-18.07	14.03	-52.78	33	          7.54	         20.01亿	         67.23	
000889	ST中嘉	-4.72	--  	0.00	9400.16	  2.57	          5.27	5.66	2.02	2.02	2.03	-0.10	458771	1241	2.09	2.13	2.01	2.12	--  	通信设备	河北	2.05	269019	189752	  1.42	6651	821	--  	1805.25	          1.34	--  	          8.70	         17.57亿	         18.91亿	 -5.55	   1189	    386	        0.0044	-2	-4.93	-9.41	-4.72	18.13	8.60	10	          7.12	         13.01亿	         68.80	
300108	*ST吉药	-3.91	--  	0.00	8203.60	  1.34	          3.65	8.10	3.44	3.44	3.45	-0.14	239459	1327	3.52	3.59	3.30	3.58	--  	中成药	吉林	3.43	137426	102033	  1.35	128	1475	--  	14.29	          0.01	--  	          6.57	         22.59亿	         22.91亿	 -4.74	   1376	    174	        0.0027	-2	-0.56	-2.28	12.05	47.64	77.32	0	          4.49	         18.36亿	         80.12	
002309	ST中利	-3.81	--  	0.57	7713.14	  2.11	          2.51	5.18	3.53	3.52	3.53	-0.14	218205	2702	3.67	3.68	3.49	3.67	--  	电气设备	江苏	3.53	138166	80039	  1.73	880	447	--  	14.83	          0.01	--  	          8.68	         30.63亿	         30.77亿	 -4.64	   1501	    145	        0.0017	-2	-0.81	-3.29	-11.31	-11.09	-12.63	14	          3.19	         24.14亿	         78.43	
300427	*ST红相	-3.08	--  	-0.14	4219.98	  1.99	          1.97	3.67	6.61	6.61	6.62	-0.21	63508	1883	6.81	6.82	6.57	6.82	    41.15	电气设备	福建	6.64	41472	22036	  1.88	573	746	--  	13.76	          0.01	--  	          3.22	         21.26亿	         23.91亿	 -3.91	    990	     64	        0.0020	-1	0.00	-2.93	-7.30	-18.50	-60.70	0	          3.34	         12.57亿	         52.58	
600365	ST通葡	-3.02	--  	-0.57	17057.92	  1.07	          7.81	8.51	5.13	5.12	5.13	-0.16	320387	5826	5.44	5.55	5.10	5.29	--  	互联网	吉林	5.32	170295	150092	  1.13	1055	561	--  	743.87	          0.42	--  	          4.10	         21.04亿	         21.93亿	 -3.96	   2413	    133	        0.0032	-1	4.96	-3.21	37.90	39.78	24.52	14	          9.88	         16.64亿	         75.89	
002740	*ST爱迪	-2.94	--  	-0.42	1494.03	  1.38	          1.54	5.04	2.31	2.30	2.31	-0.07	63760	2626	2.39	2.42	2.30	2.38	--  	服饰	福建	2.34	42350	21410	  1.98	2504	18	--  	22.08	          0.03	--  	          4.13	          9.54亿	         10.49亿	 -3.77	    456	    140	        0.0034	-1	0.00	-7.60	-19.23	-27.58	-24.26	18	          1.87	          7.88亿	         75.13	
002699	*ST美盛	-2.87	--  	0.00	7066.66	  1.22	          4.61	5.17	1.69	1.68	1.69	-0.05	419494	8340	1.72	1.74	1.65	1.74	--  	影视音像	浙江	1.68	259136	160358	  1.62	9711	138	--  	37.84	          0.03	--  	          9.09	         15.37亿	         15.37亿	 -3.70	   1422	    295	        0.0032	-2	-0.57	-2.31	-2.87	4.96	-48.94	18	          5.18	         13.69亿	         89.06	
002433	*ST太安	-2.62	--  	0.00	9792.89	  0.74	          4.36	5.25	2.97	2.97	2.98	-0.08	324877	2609	3.05	3.12	2.96	3.05	--  	中成药	广东	3.01	203630	121247	  1.68	1211	1399	--  	98.64	          0.05	--  	          7.44	         22.11亿	         22.77亿	 -3.45	   1682	    193	        0.0026	-3	-2.87	-10.00	12.50	41.43	-32.04	25	          5.50	         17.55亿	         77.07	
002157	*ST 正邦	-2.49	--  	0.00	10399.30	  1.72	          1.32	2.49	2.74	2.74	2.75	-0.07	377105	4423	2.80	2.80	2.73	2.81	--  	农业综合	江西	2.76	264166	112939	  2.34	3550	10329	--  	101.78	          0.02	--  	         28.52	         78.13亿	         98.59亿	 -3.32	   2093	    180	        0.0006	-4	-1.40	-4.19	-5.85	-1.44	-35.22	18	          1.92	         53.91亿	         54.68	
600070	ST富润	-2.39	--  	-0.68	2416.64	  0.92	          1.65	3.41	2.86	2.86	2.87	-0.07	83621	2652	2.95	2.95	2.85	2.93	--  	互联网	浙江	2.89	56923	26698	  2.13	67	431	--  	15.55	          0.01	--  	          5.07	         14.49亿	         14.51亿	 -3.33	    704	    119	        0.0023	-2	-1.35	-3.05	-3.05	-4.03	-48.56	11	          2.20	         10.87亿	         74.93	
603007	ST花王	-1.89	--  	0.00	1363.64	  0.46	          0.94	2.59	4.16	4.16	4.17	-0.08	32735	572	4.22	4.24	4.13	4.24	--  	建筑工程	江苏	4.17	22572	10163	  2.22	1237	1155	--  	10.13	          0.01	--  	          3.50	         14.56亿	         14.56亿	 -2.83	    344	     95	        0.0027	-2	-1.85	-2.34	-9.96	-10.15	6.94	17	          1.67	          8.16亿	         56.06	
300282	*ST三盛	-1.87	--  	0.64	2066.56	  0.58	          1.75	4.05	3.15	3.14	3.15	-0.06	65430	934	3.21	3.22	3.09	3.21	--  	文教休闲	北京	3.16	43833	21597	  2.03	38	1170	--  	8.12	          0.01	--  	          3.74	         11.79亿	         11.79亿	 -2.70	    614	    107	        0.0028	-1	1.90	-1.56	6.78	-5.69	-38.24	1	          2.40	          8.58亿	         72.80	
000525	ST红太阳	-1.77	--  	0.12	3494.45	  1.64	          0.73	5.90	8.33	8.32	8.33	-0.15	42339	153	8.49	8.56	8.06	8.48	   134.22	农药化肥	江苏	8.25	25248	17091	  1.48	54	81	--  	2.97	          0.00	--  	          5.81	         48.37亿	         48.38亿	 -2.60	    882	     48	        0.0008	-3	-2.19	-4.36	-7.54	-17.36	-28.19	18	          1.10	         31.92亿	         65.98	
600734	ST实达	-1.61	--  	-0.26	2292.41	  1.22	          0.30	2.69	3.66	3.66	3.67	-0.06	62052	1528	3.73	3.75	3.65	3.72	   173.66	软件服务	福建	3.69	40635	21417	  1.90	187	136	--  	0.86	          0.00	--  	         21.00	         76.87亿	         79.73亿	 -2.55	    390	    159	        0.0008	-3	-0.27	-2.40	-5.67	-4.19	-0.54	12	          0.43	         52.37亿	         65.69	
603559	ST通脉	-1.31	--  	0.27	2324.27	  0.72	          2.18	3.93	7.53	7.51	7.53	-0.10	31203	557	7.30	7.58	7.28	7.63	--  	通信设备	吉林	7.45	16185	15018	  1.08	6	85	--  	191.41	          0.20	--  	          1.43	         10.79亿	         10.79亿	 -2.25	    648	     48	        0.0034	-2	-1.68	-2.72	10.09	12.72	-32.16	15	          2.41	          9.75亿	         90.34	
600530	ST交昂	-1.29	--  	-0.42	1920.33	  0.42	          1.08	4.29	2.30	2.30	2.31	-0.03	83521	1036	2.33	2.36	2.26	2.33	--  	医疗保健	上海	2.30	50438	33083	  1.52	294	2298	--  	14.33	          0.02	--  	          7.75	         17.82亿	         17.82亿	 -2.23	    689	    121	        0.0016	-2	-3.72	-1.71	7.98	8.49	-39.47	16	          2.27	          8.48亿	         47.58	
000620	*ST新联	-1.23	--  	-0.61	2697.41	  0.88	          0.88	1.84	1.61	1.61	1.62	-0.02	167353	3498	1.63	1.63	1.60	1.63	--  	全国地产	北京	1.61	99195	68158	  1.46	9004	1811	--  	90.94	          0.08	--  	         18.97	         30.54亿	         30.54亿	 -2.06	    893	    187	        0.0010	-1	0.00	1.26	-2.42	-13.45	-56.25	33	          2.25	         11.96亿	         39.16	
300799	*ST左江	-1.20	--  	-0.26	2205.01	  0.64	          0.13	1.88	244.80	244.80	245.00	-2.97	898	24	247.77	248.66	244.01	247.77	--  	软件服务	北京	245.54	658	240	  2.74	6	2	--  	2.48	          0.00	--  	          0.68	        165.42亿	        249.77亿	 -2.03	    261	      3	        0.0005	-1	0.31	-1.69	-11.45	-16.52	87.79	0	          0.25	         88.50亿	         35.43	
688500	*ST慧辰	-1.20	--  	0.24	1548.85	  0.33	          0.84	3.43	24.77	24.71	24.77	-0.30	6256	53	25.17	25.18	24.32	25.07	--  	互联网	北京	24.76	4073	2183	  1.87	207	3	--  	12.33	          0.01	--  	          0.74	         18.40亿	         18.40亿	 -2.14	    273	     23	        0.0031	-3	-0.12	-1.63	34.84	39.15	4.51	0	          1.43	         10.81亿	         58.76	
603133	*ST碳元	-1.13	--  	0.00	796.87	  1.47	          0.55	1.70	6.98	6.98	6.99	-0.08	11427	143	7.06	7.06	6.94	7.06	--  	元器件	江苏	6.97	7948	3479	  2.28	304	299	--  	0.00	          0.00	--  	          2.09	         14.60亿	         14.60亿	 -2.07	    336	     34	        0.0016	-2	-0.28	-0.85	-0.57	-8.52	-41.98	3	          0.83	          9.55亿	         65.43	
600666	ST瑞德	-0.99	--  	0.00	1281.61	  1.17	          0.26	2.48	2.00	2.00	2.01	-0.02	63873	1318	2.03	2.04	1.99	2.02	--  	元器件	黑龙江	2.01	48732	15141	  3.22	2576	2825	--  	5.12	          0.00	--  	         24.20	         48.40亿	         55.27亿	 -1.93	    362	    176	        0.0007	-1	1.00	-0.50	-1.48	-12.66	-16.32	34	          0.39	         33.06亿	         59.82	
300209	ST有棵树	-0.98	--  	-0.32	2028.17	  0.94	          1.70	2.62	3.02	3.02	3.03	-0.03	67152	967	3.04	3.07	2.99	3.05	--  	互联网	湖南	3.02	45930	21222	  2.16	2320	675	--  	10.43	          0.01	--  	          3.95	         11.92亿	         12.75亿	 -1.81	    562	    119	        0.0030	-1	3.39	2.02	-4.12	5.59	-44.08	0	          1.72	         11.82亿	         92.75	
002482	*ST广田	-0.96	--  	-0.47	1309.36	  0.71	          0.41	1.91	2.07	2.07	2.08	-0.02	63261	799	2.09	2.09	2.05	2.09	--  	装修装饰	深圳	2.07	41494	21767	  1.91	3671	1109	--  	9.38	          0.01	--  	         15.29	         31.66亿	         31.82亿	 -1.79	    314	    201	        0.0013	-2	-0.95	-1.43	0.49	-13.75	13.74	15	          0.96	         13.64亿	         42.87	
000996	*ST中期	-0.95	--  	0.00	8712.99	  0.97	          4.85	8.02	5.19	5.18	5.19	-0.05	167457	1930	5.18	5.46	5.04	5.24	  6767.01	汽车服务	北京	5.20	88804	78653	  1.13	574	1376	--  	216.58	          0.15	--  	          3.45	         17.91亿	         17.91亿	 -1.78	   1833	     91	        0.0026	-1	5.01	-1.14	26.58	3.38	-16.56	22	          6.03	         14.42亿	         80.56	
002259	ST升达	-0.92	--  	-0.30	644.89	  1.41	          0.26	1.53	3.24	3.23	3.24	-0.03	19856	160	3.27	3.27	3.22	3.27	    77.61	供气供热	四川	3.25	14654	5202	  2.82	990	6	--  	25.73	          0.01	--  	          7.52	         24.38亿	         24.38亿	 -1.75	    140	    142	        0.0019	-4	-0.30	-1.51	-3.29	-7.43	-1.21	8	          0.37	         17.47亿	         71.67	
300029	ST天龙	-0.91	--  	-0.30	653.97	  1.50	          0.50	1.83	6.50	6.50	6.53	-0.06	10081	197	6.56	6.56	6.44	6.56	--  	电气设备	江苏	6.49	5716	4365	  1.31	351	75	--  	14.76	          0.01	--  	          2.00	         13.02亿	         13.03亿	 -1.74	    251	     40	        0.0020	-4	-0.30	-1.36	-5.66	-1.37	-18.34	1	          0.67	          9.81亿	         75.30	
300010	*ST豆神	-0.88	--  	0.44	1685.69	  0.92	          0.91	2.19	2.26	2.26	2.27	-0.02	74800	1239	2.29	2.29	2.24	2.28	--  	软件服务	北京	2.25	48405	26395	  1.83	418	2590	--  	13.42	          0.01	--  	          8.22	         18.57亿	         19.62亿	 -1.71	    506	    148	        0.0018	-1	1.79	-0.87	-6.22	-11.03	-48.05	0	          1.03	         16.39亿	         83.54	
002087	*ST新纺	-0.84	--  	0.00	1284.74	  0.69	          0.66	2.51	2.37	2.37	2.38	-0.02	53946	798	2.40	2.42	2.36	2.39	--  	纺织	河南	2.38	35731	18215	  1.96	1627	1818	--  	20.86	          0.02	--  	          8.15	         19.32亿	         19.36亿	 -1.67	    319	    169	        0.0021	-2	-1.24	-1.25	-1.25	8.71	-24.76	12	          0.94	         13.53亿	         69.91	
600671	*ST目药	-0.82	--  	-0.09	799.81	  0.50	          0.68	1.85	9.65	9.65	9.66	-0.08	8283	79	9.78	9.80	9.62	9.73	--  	中成药	浙江	9.66	5668	2615	  2.17	1399	14	--  	0.59	          0.00	--  	          1.22	         11.75亿	         11.75亿	 -1.76	    271	     31	        0.0025	-2	-1.62	0.21	0.00	17.26	1.47	9	          1.25	          6.38亿	         54.32	
002800	ST天顺	-0.75	--  	-0.12	1782.57	  0.42	          1.11	1.69	15.90	15.90	15.91	-0.12	11181	104	16.03	16.12	15.85	16.02	    63.56	仓储物流	新疆	15.94	7341	3840	  1.91	171	5	--  	4.33	          0.01	--  	          1.01	         16.09亿	         17.29亿	 -1.58	    536	     21	        0.0021	-3	-0.56	-2.58	0.70	3.86	-36.96	10	          2.11	          8.43亿	         48.75	
600608	ST沪科	-0.71	--  	-0.23	282.80	  0.78	          0.21	0.71	4.17	4.17	4.19	-0.03	6756	226	4.19	4.20	4.17	4.20	  1964.69	商贸代理	上海	4.19	4270	2486	  1.72	916	474	--  	0.00	          0.00	--  	          3.18	         13.28亿	         13.71亿	 -1.65	     99	     68	        0.0021	-2	-0.24	-0.95	-4.58	4.78	-8.55	3	          0.26	         10.76亿	         78.48	
002005	ST德豪	-0.67	--  	-0.66	2190.83	  1.09	          0.84	4.70	1.48	1.48	1.49	-0.01	147441	3847	1.49	1.53	1.46	1.49	--  	家用电器	安徽	1.49	79526	67915	  1.17	597	2194	--  	77.15	          0.04	--  	         17.52	         25.94亿	         25.94亿	 -1.50	    550	    268	        0.0015	-2	-1.97	2.08	4.23	-1.98	0.00	10	          1.17	         18.64亿	         71.87	
300167	ST迪威迅	-0.63	--  	0.32	6095.73	  1.55	          5.68	4.39	3.17	3.17	3.18	-0.02	191983	2327	3.18	3.25	3.11	3.19	--  	软件服务	深圳	3.18	108145	83838	  1.29	68	1527	--  	370.25	          0.41	--  	          3.38	         10.72亿	         11.43亿	 -1.46	   1233	    156	        0.0046	-1	7.41	7.46	15.69	14.86	-34.50	0	          6.74	          9.03亿	         78.98	
002052	ST同洲	-0.54	--  	0.00	372.95	  0.57	          0.27	0.54	1.85	1.85	1.86	-0.01	20140	571	1.85	1.86	1.85	1.86	--  	电气设备	深圳	1.85	15963	4177	  3.82	2317	2522	--  	0.00	          0.00	--  	          7.46	         13.80亿	         13.80亿	 -1.37	    147	    137	        0.0018	-2	-0.53	-0.53	-2.12	-2.64	-28.58	18	          0.40	          9.25亿	         67.03	
600543	*ST莫高	-0.53	--  	-0.17	880.19	  0.58	          0.48	0.88	5.67	5.67	5.68	-0.03	15486	112	5.71	5.72	5.67	5.70	--  	红黄酒	甘肃	5.68	9719	5767	  1.69	716	140	--  	8.57	          0.01	--  	          3.21	         18.21亿	         18.21亿	 -1.47	    287	     54	        0.0017	-1	0.00	-0.35	-0.35	0.53	-9.72	2	          0.74	         11.88亿	         65.27	
000711	*ST京蓝	-0.50	--  	0.00	1879.72	  0.79	          0.97	1.51	1.98	1.97	1.98	-0.01	95292	1545	1.97	1.99	1.96	1.99	--  	环境保护	黑龙江	1.97	60427	34865	  1.73	2609	1680	--  	76.14	          0.05	--  	          9.83	         19.45亿	         20.27亿	 -1.33	    518	    184	        0.0019	-1	3.11	2.06	1.02	-4.34	-30.03	23	          1.36	         13.92亿	         68.67	
600462	ST九有	-0.49	--  	0.00	497.86	  1.26	          0.41	1.97	2.02	2.02	2.03	-0.01	24680	481	2.03	2.04	2.00	2.03	--  	广告包装	湖北	2.02	15437	9243	  1.67	1580	1685	--  	0.00	          0.00	--  	          6.00	         12.13亿	         12.47亿	 -1.43	    200	    123	        0.0021	-2	-0.49	-0.98	-0.98	6.88	-2.41	4	          0.49	         10.07亿	         80.82	
002656	ST摩登	-0.48	--  	0.00	635.62	  1.22	          0.50	1.44	2.07	2.07	2.08	-0.01	30665	618	2.09	2.09	2.06	2.08	--  	服饰	广东	2.07	18466	12199	  1.51	71	1540	--  	0.46	          0.00	--  	          6.09	         12.62亿	         14.75亿	 -1.31	    161	    190	        0.0031	-2	-0.95	-0.48	-0.00	-4.16	-20.38	14	          0.59	         10.76亿	         72.97	
002808	ST恒久	-0.35	--  	0.00	2223.33	  0.71	          2.09	1.57	5.73	5.72	5.73	-0.02	38872	315	5.76	5.78	5.69	5.75	--  	元器件	江苏	5.72	25904	12968	  2.00	416	160	--  	16.76	          0.02	--  	          1.86	         10.67亿	         15.40亿	 -1.18	    804	     48	        0.0026	-2	-2.04	-1.88	-2.88	-15.11	-20.08	30	          2.67	          8.35亿	         54.22	
600136	*ST明诚	-0.34	--  	0.00	1172.37	  0.62	          0.84	2.06	2.90	2.90	2.91	-0.01	40599	449	2.91	2.92	2.86	2.91	--  	影视音像	湖北	2.89	24881	15718	  1.58	2506	353	--  	1.19	          0.00	--  	          4.85	         14.08亿	         16.91亿	 -1.28	    316	    128	        0.0026	-3	-0.34	-3.33	-2.03	-9.66	62.01	42	          1.31	          8.96亿	         52.98	
603603	*ST博天	-0.33	--  	0.00	927.63	  0.92	          0.38	1.00	2.99	2.98	2.99	-0.01	31085	785	3.00	3.00	2.97	3.00	    67.33	环境保护	北京	2.98	20721	10364	  2.00	1348	158	--  	2.25	          0.00	--  	          8.18	         24.44亿	         28.96亿	 -1.27	    331	     94	        0.0011	-1	0.00	-0.99	-5.68	-3.23	-37.05	20	          0.78	         11.85亿	         40.93	
600112	ST天成	-0.33	--  	0.33	677.75	  0.61	          0.44	1.32	3.03	3.02	3.03	-0.01	22461	347	3.03	3.04	3.00	3.04	--  	电气设备	贵州	3.02	15458	7003	  2.21	1232	1214	--  	3.42	          0.00	--  	          5.09	         15.43亿	         15.43亿	 -1.27	    322	     70	        0.0014	-2	-1.30	1.00	-4.12	-9.01	-36.34	21	          0.50	         13.56亿	         87.90	
002721	*ST金一	-0.32	--  	0.00	1274.28	  1.05	          0.43	2.88	3.11	3.11	3.12	-0.01	40963	1116	3.14	3.15	3.06	3.12	--  	服饰	北京	3.11	19661	21302	  0.92	682	1226	--  	0.38	          0.00	--  	          9.60	         29.85亿	         29.85亿	 -1.15	    326	    126	        0.0013	-4	-0.95	-2.50	-13.37	-17.72	-4.60	8	          0.76	         16.71亿	         55.96	
002742	ST三圣	-0.27	--  	0.27	1130.38	  0.52	          0.71	1.88	3.72	3.71	3.72	-0.01	30570	785	3.72	3.74	3.67	3.73	--  	其他建材	重庆	3.70	19925	10645	  1.87	117	621	--  	48.21	          0.05	--  	          4.32	         16.07亿	         16.07亿	 -1.10	    330	     93	        0.0021	-1	2.47	1.36	1.36	-0.54	-18.06	21	          1.11	         10.25亿	         63.75	
603880	ST南卫	-0.22	--  	0.00	443.46	  0.68	          0.33	1.29	4.64	4.63	4.64	-0.01	9553	160	4.66	4.68	4.62	4.65	    85.89	医疗保健	江苏	4.64	6252	3301	  1.89	428	125	--  	2.33	          0.00	--  	          2.89	         13.41亿	         13.57亿	 -1.15	    231	     41	        0.0014	-1	0.00	-0.22	4.27	1.09	-25.16	7	          0.70	          6.35亿	         46.78	
300555	ST路通	-0.14	--  	0.14	734.35	  0.56	          0.53	1.55	7.07	7.06	7.07	-0.01	10398	277	7.06	7.12	7.01	7.08	--  	通信设备	江苏	7.06	6967	3431	  2.03	35	69	--  	4.24	          0.00	--  	          1.98	         13.97亿	         14.14亿	 -0.97	    230	     45	        0.0023	-2	-0.70	1.44	1.88	11.16	11.69	0	          0.65	         11.31亿	         79.97	
000005	ST星源	0.00	--  	0.00	920.44	  0.96	          0.60	2.07	1.45	1.44	1.45	0.00	63641	2529	1.45	1.46	1.43	1.45	--  	环境保护	深圳	1.45	36656	26985	  1.36	2130	5056	--  	4.31	          0.00	--  	         10.58	         15.34亿	         15.35亿	 -0.83	    340	    187	        0.0018	0	0.00	1.40	0.69	22.88	-22.04	9	          0.73	         12.60亿	         82.12	
000007	*ST全新	0.00	--  	-0.22	616.15	  1.30	          0.46	2.09	4.30	4.29	4.30	0.00	14295	156	4.28	4.37	4.28	4.30	    61.37	其他商业	深圳	4.31	8775	5520	  1.59	137	340	--  	0.00	          0.00	--  	          3.09	         13.28亿	         14.90亿	 -0.83	    220	     65	        0.0021	0	-0.92	-2.50	-10.97	-17.62	-44.73	10	          0.59	         10.39亿	         69.75	
000416	*ST民控	0.00	--  	0.48	1650.36	  0.53	          1.48	2.38	2.10	2.09	2.10	0.00	78754	2518	2.08	2.12	2.07	2.10	   146.65	多元金融	山东	2.10	41190	37564	  1.10	4119	1904	--  	33.78	          0.04	--  	          5.32	         11.16亿	         11.17亿	 -0.83	    521	    151	        0.0028	0	-4.11	-2.33	-2.78	1.94	-45.31	14	          1.91	          8.64亿	         77.40	
000584	ST工智	0.00	--  	0.00	3981.78	  0.73	          1.26	2.62	4.20	4.19	4.20	0.00	94602	732	4.26	4.28	4.17	4.20	   497.75	专用机械	江苏	4.21	56762	37840	  1.50	2596	29	--  	120.26	          0.05	--  	          7.49	         31.47亿	         31.96亿	 -0.83	    984	     96	        0.0013	0	-1.87	-1.17	-8.70	-17.32	-38.95	17	          1.67	         23.77亿	         74.36	
000669	ST金鸿	0.00	--  	-0.49	849.04	  0.50	          0.63	1.50	2.00	2.00	2.01	0.00	42565	1452	2.01	2.01	1.98	2.00	   178.36	供气供热	吉林	1.99	28815	13750	  2.10	1116	4748	--  	28.44	          0.03	--  	          6.80	         13.61亿	         13.61亿	 -0.83	    266	    160	        0.0024	0	0.50	-0.50	4.17	15.61	19.05	3	          0.81	         10.57亿	         77.70	
000692	*ST惠天	0.00	--  	0.00	463.36	  0.91	          0.32	1.47	2.73	2.72	2.73	0.00	17063	430	2.72	2.74	2.70	2.73	--  	供气供热	辽宁	2.72	12907	4156	  3.11	1882	823	--  	1.71	          0.00	--  	          5.33	         14.55亿	         14.55亿	 -0.83	    156	    109	        0.0021	0	-0.36	-0.36	-0.36	4.60	-19.71	3	          0.46	         10.18亿	         70.01	
002564	*ST天沃	0.00	--  	0.00	5547.75	  0.74	          2.12	5.52	3.08	3.07	3.08	0.00	182369	3022	3.07	3.12	2.95	3.08	--  	建筑工程	江苏	3.04	104408	77961	  1.34	1169	1326	--  	57.44	          0.03	--  	          8.58	         26.44亿	         26.45亿	 -0.83	   1381	    132	        0.0015	0	-3.14	0.99	3.01	5.12	-43.38	14	          3.07	         18.32亿	         69.24	
002872	ST天圣	0.00	--  	0.00	327.02	  1.02	          0.31	0.61	4.95	4.95	4.96	0.00	6591	215	4.97	4.98	4.95	4.95	--  	医药商业	重庆	4.96	4095	2496	  1.64	145	130	--  	1.24	          0.00	--  	          2.15	         10.64亿	         15.74亿	 -0.83	    107	     62	        0.0029	0	0.00	-0.80	-1.98	-3.32	-6.25	1	          0.31	         10.56亿	         67.06	
300495	*ST美尚	0.00	--  	-0.54	1378.75	  1.36	          1.16	6.67	1.80	1.80	1.81	0.00	78069	2552	1.80	1.82	1.70	1.80	--  	环境保护	深圳	1.77	42468	35601	  1.19	1113	542	--  	14.15	          0.02	--  	          6.73	         12.12亿	         12.14亿	 -0.83	    457	    171	        0.0025	0	-1.10	-1.10	-15.49	-2.17	-35.71	2	          1.63	          8.63亿	         71.08	
600078	ST澄星	0.00	--  	-0.12	2606.49	  0.79	          0.52	1.32	7.57	7.56	7.57	0.00	34280	1205	7.59	7.67	7.57	7.57	--  	化工原料	江苏	7.60	15719	18561	  0.85	308	158	--  	15.79	          0.01	--  	          6.63	         50.16亿	         50.16亿	 -0.94	    736	     47	        0.0007	0	-0.13	-0.52	-14.94	-15.61	-34.40	10	          0.89	         29.19亿	         58.20	
600289	ST信通	0.00	--  	0.00	284.23	  0.94	          0.20	0.80	2.51	2.50	2.51	0.00	11348	116	2.51	2.51	2.49	2.51	--  	软件服务	黑龙江	2.50	6053	5295	  1.14	2750	1233	--  	6.10	          0.01	--  	          5.66	         14.20亿	         15.84亿	 -0.94	     95	    119	        0.0021	0	0.00	0.00	-1.18	7.73	-10.04	3	          0.29	          9.78亿	         61.73	
600387	ST海越	0.00	--  	0.00	1554.61	  0.83	          0.71	1.29	5.44	5.43	5.44	0.00	28511	386	5.44	5.50	5.43	5.44	    37.59	石油贸易	浙江	5.45	18488	10023	  1.84	1770	421	--  	28.61	          0.02	--  	          4.04	         21.98亿	         25.47亿	 -0.94	    437	     65	        0.0016	0	-0.73	-0.73	2.26	0.74	-23.16	3	          0.91	         17.09亿	         67.10	
600568	ST中珠	0.00	--  	-0.54	638.91	  0.64	          0.23	0.55	1.81	1.81	1.82	0.00	35245	801	1.82	1.82	1.81	1.81	--  	医疗保健	湖北	1.81	27913	7332	  3.81	2847	5844	--  	2.46	          0.00	--  	         15.65	         28.33亿	         36.07亿	 -0.94	    228	    155	        0.0010	0	-1.09	-0.00	1.12	4.62	-3.72	2	          0.42	         15.17亿	         42.05	
600654	ST中安	0.00	--  	-0.47	872.92	  0.56	          0.19	1.46	2.06	2.06	2.07	0.00	42315	1587	2.06	2.08	2.05	2.06	--  	综合类	湖北	2.06	19576	22739	  0.86	6868	728	--  	39.22	          0.02	--  	         22.82	         47.01亿	         58.98亿	 -0.94	    377	    112	        0.0005	0	0.00	0.00	4.57	-6.36	-18.90	7	          0.34	         25.57亿	         43.35	
600823	ST世茂	0.00	--  	0.00	3915.10	  0.46	          0.77	2.94	1.36	1.36	1.37	0.00	287962	12028	1.36	1.38	1.34	1.36	--  	全国地产	上海	1.36	148864	139098	  1.07	7876	28603	--  	90.02	          0.06	--  	         37.51	         51.02亿	         51.02亿	 -0.94	    919	    313	        0.0008	0	-2.86	-2.86	-16.56	12.40	-42.37	18	          2.70	         14.49亿	         28.40	
603030	*ST全筑	0.00	--  	0.00	2373.39	  0.63	          1.25	2.44	3.28	3.28	3.29	0.00	72737	1731	3.26	3.31	3.23	3.28	    30.96	装修装饰	上海	3.26	40362	32375	  1.25	119	986	--  	82.02	          0.06	--  	          5.80	         19.03亿	         19.03亿	 -0.94	    608	    120	        0.0021	0	-2.67	-5.75	9.33	7.89	24.24	15	          1.83	         13.03亿	         68.50	
603557	ST起步	0.00	--  	0.00	472.12	  0.61	          0.39	0.81	2.48	2.48	2.49	0.00	19076	1565	2.48	2.49	2.47	2.48	--  	服饰	浙江	2.47	11809	7267	  1.63	374	4339	--  	0.00	          0.00	--  	          4.94	         12.25亿	         12.25亿	 -0.94	    152	    126	        0.0025	0	0.00	0.81	0.81	-2.36	-26.84	7	          0.63	          7.47亿	         60.99	
002200	ST交投	0.13	--  	0.00	280.43	  0.71	          0.19	0.76	7.93	7.93	7.94	0.01	3542	30	7.92	7.94	7.88	7.92	   204.20	建筑工程	云南	7.92	1695	1847	  0.92	330	249	--  	0.00	          0.00	--  	          1.84	         14.60亿	         14.60亿	 -0.70	    126	     28	        0.0015	1	0.00	0.51	-3.18	-2.94	0.38	7	          0.30	          9.37亿	         64.18	
300220	ST金运	0.13	--  	0.26	1081.47	  1.13	          0.95	2.09	7.65	7.64	7.65	0.01	14279	53	7.64	7.65	7.49	7.64	--  	专用机械	湖北	7.57	9042	5237	  1.73	19	225	--  	0.92	          0.00	--  	          1.51	         11.55亿	         11.57亿	 -0.70	    441	     32	        0.0021	5	2.14	3.52	0.92	14.69	-26.86	0	          1.86	          5.87亿	         50.79	
300742	*ST越博	0.19	--  	0.19	1389.12	  0.82	          2.33	1.73	5.20	5.20	5.21	0.01	26805	1255	5.20	5.23	5.14	5.19	--  	汽车配件	江苏	5.18	14464	12341	  1.17	138	699	--  	6.81	          0.01	--  	          1.15	          5.99亿	          7.35亿	 -0.64	    453	     59	        0.0051	2	0.97	-0.38	-11.26	-5.11	-48.51	0	          2.99	          4.66亿	         63.43	
600804	ST鹏博士	0.24	--  	0.00	4383.76	  1.10	          0.77	2.20	4.10	4.10	4.11	0.01	106802	1085	4.10	4.15	4.06	4.09	    35.90	电信运营	山东	4.10	62801	44001	  1.43	1329	2535	--  	29.60	          0.01	--  	         13.93	         57.10亿	         67.96亿	 -0.70	    947	    113	        0.0008	1	-0.97	-1.44	-5.31	-19.92	27.33	18	          0.89	         49.03亿	         72.15	
002313	*ST日海	0.27	--  	0.14	759.92	  0.33	          0.28	1.64	7.34	7.34	7.35	0.02	10431	387	7.29	7.34	7.22	7.32	--  	通信设备	深圳	7.28	6011	4420	  1.36	53	155	--  	3.13	          0.00	--  	          3.74	         27.47亿	         27.48亿	 -0.56	    255	     41	        0.0011	1	-1.61	-0.40	3.67	-15.44	30.84	13	          0.50	         15.27亿	         55.55	
600265	ST景谷	0.30	--  	-0.17	251.19	  0.95	          0.11	0.83	16.90	16.90	16.93	0.05	1484	12	16.95	16.99	16.85	16.85	   374.13	林业	云南	16.93	1083	401	  2.70	17	39	--  	0.85	          0.00	--  	          1.30	         21.94亿	         21.94亿	 -0.64	     93	     16	        0.0012	1	-0.65	-0.24	-1.17	3.49	11.19	2	          0.32	          7.83亿	         35.69	
688272	*ST富吉	0.31	--  	0.00	280.22	  0.28	          0.55	1.15	19.21	19.21	19.22	0.06	1458	20	19.21	19.37	19.15	19.15	--  	元器件	北京	19.21	1015	443	  2.29	297	22	--  	0.00	          0.00	--  	          0.27	          5.12亿	         14.60亿	 -0.63	    102	     14	        0.0054	1	-1.14	-1.79	4.18	3.89	-0.98	0	          0.76	          3.68亿	         25.22	
600766	*ST园城	0.32	--  	-0.55	7218.02	  3.22	          2.68	7.21	12.38	12.38	12.42	0.04	60054	215	11.72	12.61	11.72	12.34	  1376.95	综合类	山东	12.02	16765	43289	  0.39	140	3	--  	166.89	          0.09	--  	          2.24	         27.72亿	         27.76亿	 -0.62	    964	     62	        0.0028	1	-5.00	-4.10	0.32	21.73	-18.45	13	          3.77	         19.72亿	         71.04	
000909	ST数源	0.33	--  	-0.16	2097.41	  0.84	          0.91	1.67	6.00	6.00	6.01	0.02	35135	519	5.98	6.03	5.93	5.98	    32.47	综合类	浙江	5.97	18680	16455	  1.14	351	64	--  	2.57	          0.00	--  	          3.87	         23.25亿	         27.23亿	 -0.49	    512	     69	        0.0018	1	-0.99	1.01	-1.31	1.01	-24.81	7	          1.39	         15.22亿	         55.88	
600647	*ST同达	0.34	--  	0.09	1070.27	  0.75	          0.66	1.38	11.65	11.64	11.65	0.04	9242	149	11.62	11.66	11.50	11.61	--  	综合类	上海	11.58	5721	3521	  1.62	193	60	--  	7.44	          0.01	--  	          1.39	         16.21亿	         16.21亿	 -0.60	    311	     30	        0.0021	1	-0.60	2.73	-16.60	-17.61	-8.99	3	          1.12	          9.62亿	         59.32	
002586	*ST围海	0.35	--  	0.00	399.79	  0.35	          0.16	1.40	2.87	2.86	2.87	0.01	13980	234	2.88	2.88	2.84	2.86	--  	建筑工程	浙江	2.86	9465	4515	  2.10	643	391	--  	14.08	          0.01	--  	          8.97	         25.74亿	         32.84亿	 -0.48	    188	     74	        0.0008	1	0.00	-0.69	1.77	-4.02	-39.20	13	          0.22	         17.93亿	         54.61	
603001	ST奥康	0.35	--  	0.00	482.17	  0.55	          0.21	0.87	5.74	5.74	5.75	0.02	8424	283	5.73	5.75	5.70	5.72	   127.90	服饰	浙江	5.72	4860	3564	  1.36	330	395	--  	7.39	          0.01	--  	          4.01	         23.02亿	         23.02亿	 -0.59	    182	     46	        0.0012	1	0.00	-0.86	-0.34	-1.21	-10.73	2	          0.50	          9.72亿	         42.22	
600816	ST建元	0.35	--  	0.35	3114.88	  0.45	          0.21	1.76	2.85	2.84	2.85	0.01	109444	2440	2.85	2.87	2.82	2.84	   563.90	多元金融	上海	2.85	54166	55278	  0.98	4664	594	--  	40.56	          0.00	--  	         52.64	        150.03亿	        280.57亿	 -0.59	    631	    173	        0.0003	1	-0.70	-2.06	-18.10	-21.05	-21.71	5	          0.34	         92.13亿	         32.84	
600759	*ST洲际	0.38	--  	0.38	2389.22	  0.45	          0.40	1.50	2.67	2.66	2.67	0.01	89773	890	2.65	2.68	2.64	2.66	--  	石油开采	海南	2.66	44678	45095	  0.99	7314	3352	--  	14.55	          0.00	--  	         22.58	         60.29亿	         60.44亿	 -0.56	    470	    191	        0.0008	1	-1.12	2.30	-2.19	0.00	21.92	8	          0.57	         42.20亿	         69.83	
000839	ST国安	0.46	--  	0.46	1791.72	  1.05	          0.21	1.39	2.17	2.16	2.17	0.01	83041	1104	2.16	2.17	2.14	2.16	    63.64	综合类	北京	2.16	38950	44091	  0.88	9096	18268	--  	0.95	          0.00	--  	         39.20	         85.06亿	         85.06亿	 -0.37	    477	    174	        0.0004	1	0.00	0.00	-5.24	-3.56	-14.22	5	          0.33	         54.06亿	         63.56	
000971	ST高升	0.50	--  	0.00	750.27	  0.59	          0.44	1.98	2.03	2.03	2.04	0.01	37014	260	2.05	2.06	2.02	2.02	--  	互联网	湖北	2.03	21681	15333	  1.41	454	4390	--  	5.90	          0.00	--  	          8.47	         17.19亿	         21.29亿	 -0.33	    249	    149	        0.0018	1	0.00	1.00	1.50	37.17	7.98	17	          0.53	         14.26亿	         67.01	
000976	ST华铁	0.50	--  	-0.48	2274.20	  0.76	          0.70	1.49	2.03	2.02	2.03	0.01	112026	3059	2.03	2.05	2.02	2.02	    40.41	运输设备	广东	2.03	74712	37314	  2.00	8966	516	--  	21.92	          0.01	--  	         15.95	         32.37亿	         32.39亿	 -0.33	    512	    219	        0.0014	1	-1.94	-0.49	-0.49	-3.80	-44.69	7	          0.94	         24.23亿	         74.82	
002692	ST远程	0.57	--  	0.29	549.14	  1.30	          0.22	1.15	3.51	3.51	3.52	0.02	15693	130	3.50	3.52	3.48	3.49	    65.25	电气设备	江苏	3.50	9163	6530	  1.40	135	919	--  	8.09	          0.00	--  	          7.18	         25.21亿	         25.21亿	 -0.26	    162	     97	        0.0013	2	0.29	-0.29	-2.77	-5.89	-8.12	0	          0.33	         16.55亿	         65.67	
600117	*ST西钢	0.63	--  	0.00	1483.89	  0.54	          0.45	2.53	3.18	3.17	3.18	0.02	47324	346	3.16	3.18	3.10	3.16	--  	特种钢	青海	3.14	29425	17899	  1.64	398	2023	--  	11.06	          0.01	--  	         10.45	         33.23亿	         33.23亿	 -0.31	    466	    102	        0.0010	1	-1.25	0.32	-3.63	8.90	2.25	3	          1.15	         13.09亿	         39.39	
600303	ST曙光	0.64	--  	0.00	4667.12	  0.60	          1.47	3.19	4.73	4.73	4.74	0.03	99439	1632	4.68	4.76	4.61	4.70	--  	汽车整车	辽宁	4.69	49216	50223	  0.98	504	1094	--  	20.97	          0.01	--  	          6.76	         31.96亿	         31.96亿	 -0.30	   1041	     96	        0.0014	3	0.21	1.06	1.73	-1.87	-22.59	34	          2.02	         23.28亿	         72.85	
600290	*ST华仪	0.75	--  	0.00	1010.56	  0.72	          0.99	2.24	1.35	1.35	1.36	0.01	74909	1115	1.35	1.37	1.34	1.34	--  	电气设备	浙江	1.35	49035	25874	  1.90	4820	4777	--  	8.65	          0.01	--  	          7.60	         10.26亿	         10.26亿	 -0.19	    272	    275	        0.0036	1	-2.90	-2.88	-3.58	5.47	-37.20	14	          1.38	          7.35亿	         71.63	
000637	ST实华	0.76	--  	0.00	2296.19	  0.48	          1.57	2.78	3.98	3.98	3.99	0.03	57896	1255	3.96	4.01	3.90	3.95	--  	石油加工	广东	3.97	27895	30001	  0.93	535	1098	--  	58.49	          0.05	--  	          3.68	         14.65亿	         20.69亿	 -0.07	    655	     88	        0.0024	1	-3.66	-7.66	15.36	19.52	-25.33	8	          1.99	         11.60亿	         56.04	
002021	*ST中捷	0.85	--  	0.00	3233.66	  0.36	          1.99	3.85	2.36	2.36	2.37	0.02	136643	2473	2.36	2.41	2.32	2.34	--  	纺织机械	浙江	2.37	65969	70674	  0.93	804	3409	--  	88.67	          0.07	--  	          6.88	         16.23亿	         16.23亿	  0.03	    795	    172	        0.0025	1	-4.10	-7.09	11.85	9.77	20.41	18	          2.45	         13.17亿	         81.15	
000023	ST深天	0.98	--  	0.00	385.63	  1.08	          0.45	1.64	6.17	6.17	6.18	0.06	6291	23	6.10	6.18	6.08	6.11	--  	水泥	深圳	6.13	2164	4127	  0.52	223	54	--  	0.00	          0.00	--  	          1.39	          8.56亿	          8.56亿	  0.15	    169	     37	        0.0027	3	0.16	1.64	-2.84	-5.51	-55.19	1	          0.68	          5.71亿	         66.70	
002816	*ST和科	1.10	--  	0.27	310.99	  0.61	          0.29	1.75	10.99	10.97	10.99	0.12	2852	80	10.89	10.99	10.80	10.87	--  	专用机械	深圳	10.90	1702	1150	  1.48	20	7	--  	0.00	          0.00	--  	          1.00	         10.99亿	         10.99亿	  0.27	    228	     13	        0.0013	1	-1.72	-1.35	4.37	11.35	-12.85	7	          0.39	          8.08亿	         73.55	
600396	*ST金山	1.15	--  	0.38	1287.51	  1.00	          0.33	1.92	2.64	2.63	2.64	0.03	49104	555	2.61	2.64	2.59	2.61	--  	火力发电	辽宁	2.62	23508	25596	  0.92	4443	8653	--  	2.06	          0.00	--  	         14.73	         38.88亿	         38.88亿	  0.21	    308	    159	        0.0011	1	-0.38	1.93	5.60	9.09	-8.65	2	          0.76	         17.07亿	         43.91	
600898	ST美讯	1.21	--  	-0.29	504.57	  1.02	          0.60	1.81	3.35	3.35	3.36	0.04	15116	608	3.30	3.36	3.30	3.31	--  	元器件	山东	3.34	5467	9649	  0.57	169	327	--  	0.00	          0.00	--  	          2.53	          8.46亿	          9.56亿	  0.27	    177	     85	        0.0034	3	0.30	2.76	-0.89	-8.72	-36.55	11	          0.84	          6.01亿	         62.82	
002485	*ST雪发	1.22	--  	0.00	430.12	  0.94	          0.16	3.06	4.96	4.95	4.96	0.06	8763	319	4.90	4.97	4.82	4.90	    27.08	商贸代理	山东	4.91	3388	5375	  0.63	205	48	--  	0.00	          0.00	--  	          5.44	         26.98亿	         26.98亿	  0.40	    184	     48	        0.0009	1	-0.20	0.82	-4.25	19.52	61.04	8	          0.66	          6.64亿	         24.59	
002502	ST鼎龙	1.28	--  	0.00	2013.01	  0.70	          1.03	1.71	2.37	2.36	2.37	0.03	85518	2757	2.34	2.37	2.33	2.34	    21.16	互联网	广东	2.35	43852	41666	  1.05	3718	3992	--  	28.57	          0.02	--  	          8.33	         19.74亿	         21.80亿	  0.45	    607	    141	        0.0017	1	-4.49	-2.87	-10.57	11.80	-30.50	13	          1.39	         14.62亿	         67.07	
002592	ST八菱	1.57	--  	-0.56	3009.66	  1.06	          2.19	5.48	5.19	5.19	5.20	0.08	57428	1302	5.12	5.36	5.08	5.11	    47.28	汽车配件	广西	5.24	28388	29040	  0.98	160	95	--  	10.44	          0.01	--  	          2.63	         13.63亿	         14.70亿	  0.74	    844	     68	        0.0026	1	-1.73	-2.08	5.70	8.81	-3.71	12	          3.31	          8.99亿	         61.16	
002089	*ST新海	1.61	--  	0.80	6043.61	  0.60	          4.08	5.65	1.26	1.25	1.26	0.02	485316	8570	1.21	1.28	1.21	1.24	    95.02	通信设备	江苏	1.25	245363	239953	  1.02	15341	38684	--  	456.16	          0.34	--  	         11.89	         14.98亿	         17.32亿	  0.78	   1618	    300	        0.0025	1	-4.62	-1.57	8.62	14.55	-40.57	40	          4.40	         13.90亿	         80.22	
603117	ST万林	1.72	--  	0.00	1180.12	  3.83	          0.52	5.73	3.55	3.54	3.55	0.06	32924	164	3.51	3.65	3.45	3.49	--  	仓储物流	江苏	3.58	15714	17210	  0.91	223	88	--  	0.77	          0.00	--  	          6.33	         22.48亿	         22.48亿	  0.78	    373	     88	        0.0014	5	4.18	7.25	3.50	-2.47	27.70	7	          0.79	         14.87亿	         66.15	
002700	ST浩源	1.86	--  	0.23	868.67	  2.08	          0.48	2.33	4.37	4.36	4.37	0.08	20079	1098	4.28	4.38	4.28	4.29	    16.13	供气供热	新疆	4.33	9000	11079	  0.81	305	336	--  	5.14	          0.01	--  	          4.22	         18.45亿	         18.46亿	  1.04	    222	     90	        0.0021	1	-0.69	1.39	2.10	-1.35	-6.02	5	          1.01	          8.69亿	         47.09	
300268	*ST佳沃	1.90	--  	-0.20	982.38	  0.48	          0.53	2.92	13.95	13.95	13.96	0.26	7081	267	13.77	14.10	13.70	13.69	--  	农业综合	湖南	13.87	3866	3215	  1.20	62	10	--  	2.48	          0.00	--  	          1.34	         18.64亿	         24.30亿	  1.07	    323	     22	        0.0016	1	-2.77	-1.48	-7.31	-19.37	-40.66	1	          0.76	         13.05亿	         53.71	
000564	ST大集	2.44	--  	0.80	15034.36	  1.35	          0.79	4.07	1.26	1.25	1.26	0.03	1205500	19478	1.23	1.27	1.22	1.23	--  	百货	陕西	1.25	382237	823263	  0.46	69446	112698	--  	101.03	          0.01	--  	        151.81	        191.29亿	        241.46亿	  1.61	   1785	    675	        0.0004	1	-0.81	3.28	1.61	8.62	-20.75	39	          1.71	         88.58亿	         36.68	
603555	ST贵人	2.56	--  	0.50	7712.40	  0.74	          2.49	4.62	2.00	1.99	2.00	0.05	391091	12869	1.98	2.02	1.93	1.95	--  	服饰	福建	1.97	197094	193997	  1.02	6049	3502	--  	235.28	          0.12	--  	         15.72	         31.43亿	         31.43亿	  1.62	   1187	    329	        0.0021	1	-3.47	1.01	10.49	18.34	-44.90	12	          3.82	         20.50亿	         65.22	
002951	ST金时	2.59	--  	0.23	2109.55	  1.53	          0.60	5.65	8.72	8.70	8.72	0.22	24236	109	8.49	8.88	8.40	8.50	--  	广告包装	四川	8.70	12718	11518	  1.10	92	11	--  	16.56	          0.03	--  	          4.05	         35.32亿	         35.32亿	  1.76	    729	     33	        0.0008	3	2.53	5.69	16.26	-12.63	-2.57	8	          3.38	          6.25亿	         17.69	
300859	*ST西域	2.61	--  	0.08	8734.31	  0.92	          2.18	3.44	25.94	25.94	25.95	0.66	33791	431	25.50	26.25	25.38	25.28	    65.45	旅游服务	新疆	25.85	15863	17928	  0.88	28	15	--  	81.60	          0.07	--  	          1.55	         40.21亿	         40.21亿	  1.78	   1341	     25	        0.0016	3	0.32	5.19	0.34	-0.39	-22.50	0	          7.05	         12.43亿	         30.91	
600589	*ST榕泰	3.28	--  	-0.17	17197.49	  1.67	          4.53	8.39	5.66	5.66	5.67	0.18	319201	8454	5.60	5.67	5.21	5.48	--  	软件服务	广东	5.39	172636	146565	  1.18	2507	1424	--  	349.44	          0.15	--  	          7.04	         39.85亿	         39.85亿	  2.34	   2352	    136	        0.0019	6	4.98	9.90	54.22	94.51	176.10	34	          7.69	         23.50亿	         58.97	
300301	*ST长方	3.70	--  	0.00	3385.63	  1.94	          2.54	7.41	1.68	1.68	1.69	0.06	200544	2340	1.63	1.75	1.63	1.62	--  	半导体	深圳	1.69	81991	118553	  0.69	1170	6046	--  	36.38	          0.04	--  	          7.90	         13.27亿	         13.27亿	  2.87	    759	    264	        0.0033	1	-1.22	1.21	3.70	-1.18	-9.19	0	          3.84	          8.78亿	         66.17	
000546	ST金圆	3.72	--  	-0.39	19472.49	  1.44	          3.69	5.79	7.53	7.53	7.54	0.27	262205	6578	7.24	7.58	7.16	7.26	--  	环境保护	吉林	7.43	119119	143086	  0.83	807	1274	--  	80.07	          0.02	--  	          7.12	         53.58亿	         58.64亿	  2.89	   2433	    108	        0.0015	1	-0.68	4.59	2.73	12.06	-37.87	7	          5.51	         35.81亿	         61.06	
002024	ST易购	4.79	--  	0.00	9870.05	  5.15	          0.64	4.79	1.97	1.96	1.97	0.09	506807	13477	1.89	1.97	1.88	1.88	--  	电器连锁	江苏	1.95	189338	317469	  0.60	10949	4917	--  	94.16	          0.02	--  	         78.82	        155.28亿	        183.41亿	  3.96	   1460	    347	        0.0004	1	-0.53	4.23	0.51	-1.99	-12.83	15	          1.62	         61.64亿	         33.61	
600518	ST康美	4.84	--  	0.00	26040.64	  3.37	          1.00	5.38	1.95	1.94	1.95	0.09	1364996	19581	1.86	1.95	1.85	1.86	--  	中成药	广东	1.91	471306	893690	  0.53	26195	25195	--  	255.72	          0.01	--  	        136.13	        265.45亿	        270.35亿	  3.90	   2180	    626	        0.0005	2	0.54	5.40	3.73	-0.51	-11.36	13	          1.46	        182.92亿	         67.66	
600599	ST熊猫	4.96	426.72	0.00	3758.29	  1.04	          1.97	4.87	11.64	11.64	--  	0.55	32693	48	11.10	11.64	11.10	11.09	    23.40	化工原料	湖南	11.50	16029	16664	  0.96	3666	0	--  	91.58	          0.13	0.11	          1.66	         19.32亿	         19.32亿	  4.02	    556	     59	        0.0035	1	-1.95	3.46	6.30	7.48	-16.80	23	          5.25	          7.25亿	         37.54	
002289	ST宇顺	5.02	797.48	0.00	2194.75	  0.78	          1.39	4.84	6.07	6.07	--  	0.29	36646	15	5.79	6.07	5.79	5.78	   190.07	元器件	深圳	5.99	15715	20931	  0.75	13138	0	--  	18.82	          0.02	0.36	          2.64	         16.04亿	         17.01亿	  4.19	    458	     80	        0.0030	1	-1.70	6.68	16.51	6.49	-12.03	21	          2.30	          9.69亿	         56.93	
002569	ST步森	5.07	2295.42	0.00	724.57	  0.64	          0.71	0.00	7.25	7.25	--  	0.35	9994	35	7.25	7.25	7.25	6.90	--  	服饰	浙江	7.25	6536	3458	  1.89	31661	0	--  	498.95	          0.68	3.17	          1.40	         10.14亿	         10.44亿	  4.24	     58	    172	        0.0123	5	5.02	15.81	15.63	31.10	12.23	8	          0.99	          7.31亿	         69.97	
002086	*ST东洋	5.08	198.15	0.00	2642.00	  4.83	          1.55	2.34	2.69	2.69	--  	0.13	98325	500	2.67	2.69	2.63	2.56	--  	医疗保健	山东	2.69	60930	37395	  1.63	7366	0	--  	121.57	          0.09	0.07	          6.32	         17.01亿	         20.35亿	  4.25	    516	    191	        0.0030	5	0.79	6.74	1.89	1.13	-3.23	13	          1.98	         13.33亿	         65.54	
300313	*ST天山	19.97	1328.87	0.00	20195.05	  3.36	         12.48	13.80	9.13	9.13	--  	1.52	229897	104	8.18	9.13	8.08	7.61	--  	农业综合	新疆	8.78	86322	143575	  0.60	14555	0	--  	1065.44	          1.37	0.06	          1.84	         16.82亿	         28.57亿	 19.14	   2437	     94	        0.0051	3	10.45	59.05	60.45	88.25	48.22	1	         24.17	          8.68亿	         30.39	
数据来源:通达信
